1.000000000000000000e+00,9.963344335556030273e-01,9.853804707527160645e-01,9.673207402229309082e-01,9.424566626548767090e-01,9.111800193786621094e-01,8.739609122276306152e-01,8.313465118408203125e-01,7.839607000350952148e-01,7.325022816658020020e-01,6.777383685111999512e-01,6.204911470413208008e-01,5.616261959075927734e-01,5.020334720611572266e-01,4.426064193248748779e-01,3.842264115810394287e-01,3.277402818202972412e-01,2.739475071430206299e-01,2.235873937606811523e-01,1.773334592580795288e-01,1.357874125242233276e-01,9.947729110717773438e-02,6.885294616222381592e-02,4.428217560052871704e-02,2.604560181498527527e-02,1.433061528950929642e-02,9.228748269379138947e-03,1.073203980922698975e-02,1.873002387583255768e-02,3.301214054226875305e-02,5.326989665627479553e-02,7.910247147083282471e-02,1.100263148546218872e-01,1.454849392175674438e-01,1.848629713058471680e-01,2.274973392486572266e-01,2.726912796497344971e-01,3.197273313999176025e-01,3.678779602050781250e-01,4.164169728755950928e-01,4.646301567554473877e-01,5.118256807327270508e-01,5.573459863662719727e-01,6.005780696868896484e-01,6.409618258476257324e-01,6.780010461807250977e-01,7.112674713134765625e-01,7.404050230979919434e-01,7.651358842849731445e-01,7.852593064308166504e-01,8.006566762924194336e-01,8.112882971763610840e-01,8.171908259391784668e-01,8.184752464294433594e-01,8.153175115585327148e-01,8.079558610916137695e-01,7.966831326484680176e-01,7.818415164947509766e-01,7.638133168220520020e-01,7.430151104927062988e-01,7.198880910873413086e-01,6.948880553245544434e-01,6.684772372245788574e-01,6.411159634590148926e-01,6.132546067237854004e-01,5.853259563446044922e-01,5.577372908592224121e-01,5.308623313903808594e-01,5.050335526466369629e-01,4.805356860160827637e-01,4.576040506362915039e-01,4.364214539527893066e-01,4.171228706836700439e-01,3.997960686683654785e-01,3.844875693321228027e-01,3.712013661861419678e-01,3.599070608615875244e-01,3.505380451679229736e-01,3.429982960224151611e-01,3.371649384498596191e-01,3.328923881053924561e-01,3.300196230411529541e-01,3.283742368221282959e-01,3.277793526649475098e-01,3.280568122863769531e-01,3.290364444255828857e-01,3.305537700653076172e-01,3.324613869190216064e-01,3.346313834190368652e-01,3.369578719139099121e-01,3.393622338771820068e-01,3.417915403842926025e-01,3.442198932170867920e-01,3.466453850269317627e-01,3.490922152996063232e-01,3.516089916229248047e-01,3.542715311050415039e-01,3.571834266185760498e-01,3.604748547077178955e-01,3.643015921115875244e-01
1.000000000000000000e+00,9.963318109512329102e-01,9.853702783584594727e-01,9.672983288764953613e-01,9.424181580543518066e-01,9.111222028732299805e-01,8.738818168640136719e-01,8.312455415725708008e-01,7.838392257690429688e-01,7.323644161224365234e-01,6.775901913642883301e-01,6.203414797782897949e-01,5.614850521087646484e-01,5.019125342369079590e-01,4.425187110900878906e-01,3.841831386089324951e-01,3.277513980865478516e-01,2.740207314491271973e-01,2.237275093793869019e-01,1.775406301021575928e-01,1.360580474138259888e-01,9.980162233114242554e-02,6.921532750129699707e-02,4.465932026505470276e-02,2.640668861567974091e-02,1.463588234037160873e-02,9.429411031305789948e-03,1.076939608901739120e-02,1.853691972792148590e-02,3.251269832253456116e-02,5.238127335906028748e-02,7.773721218109130859e-02,1.080942079424858093e-01,1.428963690996170044e-01,1.815305054187774658e-01,2.233396023511886597e-01,2.676345407962799072e-01,3.137083351612091064e-01,3.608457446098327637e-01,4.083350002765655518e-01,4.554792046546936035e-01,5.016055107116699219e-01,5.460759401321411133e-01,5.882983207702636719e-01,6.277353763580322266e-01,6.639121770858764648e-01,6.964218020439147949e-01,7.249305248260498047e-01,7.491802573204040527e-01,7.689906358718872070e-01,7.842606306076049805e-01,7.949656844139099121e-01,8.011564612388610840e-01,8.029538393020629883e-01,8.005423545837402344e-01,7.941654324531555176e-01,7.841179370880126953e-01,7.707405686378479004e-01,7.544094324111938477e-01,7.355309128761291504e-01,7.145284414291381836e-01,6.918355822563171387e-01,6.678857803344726562e-01,6.431055665016174316e-01,6.179071068763732910e-01,5.926819443702697754e-01,5.677921772003173828e-01,5.435662865638732910e-01,5.202903151512145996e-01,4.982027411460876465e-01,4.774932563304901123e-01,4.583013355731964111e-01,4.407202899456024170e-01,4.247997999191284180e-01,4.105501472949981689e-01,3.979454040527343750e-01,3.869277536869049072e-01,3.774119913578033447e-01,3.692879080772399902e-01,3.624238073825836182e-01,3.566753268241882324e-01,3.518892228603363037e-01,3.479074239730834961e-01,3.445752263069152832e-01,3.417434692382812500e-01,3.392776250839233398e-01,3.370581567287445068e-01,3.349871933460235596e-01,3.329937756061553955e-01,3.310330808162689209e-01,3.290927112102508545e-01,3.271861970424652100e-01,3.253563940525054932e-01,3.236703574657440186e-01,3.222196102142333984e-01,3.211219906806945801e-01,3.205183744430541992e-01,3.205737769603729248e-01,3.214750885963439941e-01,3.234253227710723877e-01
1.000000000000000000e+00,9.963295459747314453e-01,9.853615164756774902e-01,9.672790169715881348e-01,9.423847198486328125e-01,9.110719561576843262e-01,8.738133907318115234e-01,8.311592936515808105e-01,7.837375998497009277e-01,7.322521805763244629e-01,6.774745583534240723e-01,6.202315092086791992e-01,5.613921880722045898e-01,5.018488168716430664e-01,4.424968957901000977e-01,3.842153549194335938e-01,3.278479874134063721e-01,2.741894423961639404e-01,2.239724397659301758e-01,1.778617799282073975e-01,1.364496648311614990e-01,1.002531126141548157e-01,6.970852613449096680e-02,4.516857862472534180e-02,2.689713984727859497e-02,1.506430003792047501e-02,9.742699563503265381e-03,1.090470515191555023e-02,1.842146739363670349e-02,3.206601366400718689e-02,5.151595175266265869e-02,7.636082172393798828e-02,1.061127856373786926e-01,1.402155756950378418e-01,1.780598759651184082e-01,2.189947962760925293e-01,2.623394429683685303e-01,3.073978424072265625e-01,3.534682095050811768e-01,3.998544812202453613e-01,4.458766877651214600e-01,4.908817708492279053e-01,5.342533588409423828e-01,5.754211544990539551e-01,6.138705611228942871e-01,6.491497159004211426e-01,6.808751821517944336e-01,7.087349891662597656e-01,7.324932813644409180e-01,7.519896030426025391e-01,7.671413421630859375e-01,7.779400348663330078e-01,7.844506502151489258e-01,7.868029475212097168e-01,7.851908206939697266e-01,7.798616290092468262e-01,7.711128592491149902e-01,7.592807412147521973e-01,7.447360754013061523e-01,7.278702259063720703e-01,7.090885639190673828e-01,6.887990236282348633e-01,6.674050092697143555e-01,6.452966928482055664e-01,6.228461265563964844e-01,6.004014611244201660e-01,5.782793164253234863e-01,5.567613244056701660e-01,5.360857844352722168e-01,5.164444446563720703e-01,4.979813992977142334e-01,4.807924628257751465e-01,4.649294018745422363e-01,4.504042267799377441e-01,4.371916353702545166e-01,4.252365529537200928e-01,4.144566059112548828e-01,4.047463238239288330e-01,3.959828317165374756e-01,3.880297541618347168e-01,3.807449638843536377e-01,3.739823698997497559e-01,3.676016032695770264e-01,3.614711761474609375e-01,3.554739058017730713e-01,3.495121002197265625e-01,3.435125350952148438e-01,3.374300003051757812e-01,3.312506973743438721e-01,3.249950110912322998e-01,3.187143206596374512e-01,3.124922811985015869e-01,3.064388036727905273e-01,3.006891012191772461e-01,2.954051196575164795e-01,2.907692492008209229e-01,2.869869768619537354e-01,2.842851877212524414e-01,2.829008698463439941e-01,2.830850183963775635e-01
1.000000000000000000e+00,9.963277578353881836e-01,9.853538870811462402e-01,9.672621488571166992e-01,9.423559308052062988e-01,9.110290408134460449e-01,8.737555146217346191e-01,8.310874104499816895e-01,7.836556434631347656e-01,7.321653366088867188e-01,6.773908734321594238e-01,6.201614737510681152e-01,5.613477230072021484e-01,5.018429160118103027e-01,4.425425827503204346e-01,3.843251466751098633e-01,3.280326426029205322e-01,2.744562327861785889e-01,2.243254482746124268e-01,1.783003658056259155e-01,1.369675397872924805e-01,1.008366942405700684e-01,7.033804059028625488e-02,4.581539332866668701e-02,2.752379886806011200e-02,1.562358066439628601e-02,1.017681136727333069e-02,1.114621851593255997e-02,1.839375868439674377e-02,3.168302029371261597e-02,5.068581551313400269e-02,7.498659938573837280e-02,1.040954887866973877e-01,1.374580413103103638e-01,1.744681745767593384e-01,2.144813090562820435e-01,2.568263709545135498e-01,3.008183836936950684e-01,3.457701504230499268e-01,3.910011351108551025e-01,4.358505606651306152e-01,4.796855151653289795e-01,5.219115614891052246e-01,5.619817972183227539e-01,5.994055271148681641e-01,6.337552070617675781e-01,6.646713614463806152e-01,6.918655633926391602e-01,7.151241302490234375e-01,7.343078255653381348e-01,7.493529319763183594e-01,7.602673768997192383e-01,7.671287655830383301e-01,7.700791954994201660e-01,7.693187594413757324e-01,7.650995850563049316e-01,7.577190399169921875e-01,7.475103735923767090e-01,7.348339557647705078e-01,7.200660705566406250e-01,7.035925984382629395e-01,6.857926249504089355e-01,6.670368909835815430e-01,6.476777791976928711e-01,6.280463933944702148e-01,6.084450483322143555e-01,5.891441106796264648e-01,5.703773498535156250e-01,5.523349046707153320e-01,5.351620912551879883e-01,5.189568400382995605e-01,5.037705302238464355e-01,4.896153509616851807e-01,4.764644801616668701e-01,4.642593860626220703e-01,4.529164135456085205e-01,4.423284828662872314e-01,4.323735833168029785e-01,4.229165613651275635e-01,4.138181507587432861e-01,4.049386680126190186e-01,3.961435556411743164e-01,3.873111605644226074e-01,3.783344924449920654e-01,3.691302239894866943e-01,3.596406280994415283e-01,3.498401939868927002e-01,3.397378027439117432e-01,3.293802738189697266e-01,3.188513517379760742e-01,3.082698583602905273e-01,2.977869808673858643e-01,2.875806689262390137e-01,2.778538763523101807e-01,2.688358128070831299e-01,2.607744336128234863e-01,2.539375424385070801e-01,2.486070841550827026e-01,2.450707256793975830e-01,2.436193376779556274e-01
1.000000000000000000e+00,9.963262081146240234e-01,9.853478074073791504e-01,9.672482609748840332e-01,9.423316717147827148e-01,9.109931588172912598e-01,8.737078309059143066e-01,8.310300111770629883e-01,7.835925221443176270e-01,7.321036458015441895e-01,6.773394346237182617e-01,6.201314330101013184e-01,5.613515973091125488e-01,5.018947124481201172e-01,4.426562786102294922e-01,3.845134079456329346e-01,3.283064067363739014e-01,2.748234868049621582e-01,2.247892320156097412e-01,1.788592636585235596e-01,1.376136690378189087e-01,1.015562042593955994e-01,7.110814005136489868e-02,4.660487547516822815e-02,2.829193323850631714e-02,1.631906628608703613e-02,1.073822285979986191e-02,1.150126755237579346e-02,1.846095547080039978e-02,3.137252479791641235e-02,4.990035295486450195e-02,7.362524420022964478e-02,1.020553633570671082e-01,1.346378177404403687e-01,1.707708835601806641e-01,2.098172754049301147e-01,2.511152029037475586e-01,2.939921915531158447e-01,3.377756178379058838e-01,3.818023204803466797e-01,4.254302680492401123e-01,4.680482745170593262e-01,5.090852379798889160e-01,5.480180382728576660e-01,5.843812823295593262e-01,6.177724003791809082e-01,6.478571295738220215e-01,6.743716001510620117e-01,6.971250176429748535e-01,7.160000205039978027e-01,7.309516072273254395e-01,7.420046329498291016e-01,7.492500543594360352e-01,7.528401613235473633e-01,7.529826760292053223e-01,7.499327659606933594e-01,7.439877390861511230e-01,7.354741692543029785e-01,7.247421741485595703e-01,7.121512889862060547e-01,6.980629563331604004e-01,6.828275322914123535e-01,6.667807698249816895e-01,6.502363085746765137e-01,6.334807872772216797e-01,6.167717576026916504e-01,6.003319025039672852e-01,5.843461155891418457e-01,5.689567327499389648e-01,5.542613863945007324e-01,5.403119325637817383e-01,5.271181464195251465e-01,5.146499276161193848e-01,5.028443336486816406e-01,4.916101992130279541e-01,4.808356761932373047e-01,4.703911840915679932e-01,4.601385295391082764e-01,4.499339163303375244e-01,4.396353662014007568e-01,4.291087687015533447e-01,4.182321131229400635e-01,4.069038629531860352e-01,3.950453996658325195e-01,3.826081454753875732e-01,3.695771098136901855e-01,3.559766113758087158e-01,3.418710529804229736e-01,3.273692131042480469e-01,3.126189112663269043e-01,2.978064715862274170e-01,2.831485867500305176e-01,2.688918709754943848e-01,2.553075253963470459e-01,2.426872104406356812e-01,2.313423007726669312e-01,2.215991169214248657e-01,2.137929648160934448e-01,2.082565724849700928e-01,2.053160369396209717e-01
1.000000000000000000e+00,9.963251352310180664e-01,9.853428602218627930e-01,9.672371149063110352e-01,9.423121213912963867e-01,9.109638333320617676e-01,8.736701607704162598e-01,8.309865593910217285e-01,7.835485935211181641e-01,7.320668101310729980e-01,6.773197650909423828e-01,6.201409101486206055e-01,5.614042282104492188e-01,5.020048022270202637e-01,4.428383409976959229e-01,3.847811222076416016e-01,3.286707401275634766e-01,2.752919793128967285e-01,2.253652364015579224e-01,1.795400977134704590e-01,1.383912265300750732e-01,1.024140343070030212e-01,7.202154397964477539e-02,4.753998294472694397e-02,2.920451946556568146e-02,1.715455017983913422e-02,1.143088564276695251e-02,1.197525486350059509e-02,1.862952671945095062e-02,3.114101663231849670e-02,4.916761443018913269e-02,7.228630036115646362e-02,1.000033691525459290e-01,1.317679286003112793e-01,1.669831424951553345e-01,2.050191611051559448e-01,2.452247887849807739e-01,2.869404554367065430e-01,3.295087814331054688e-01,3.722842037677764893e-01,4.146455228328704834e-01,4.560032188892364502e-01,4.958099424839019775e-01,5.335689187049865723e-01,5.688398480415344238e-01,6.012469530105590820e-01,6.304816007614135742e-01,6.563050746917724609e-01,6.785505414009094238e-01,6.971227526664733887e-01,7.119955420494079590e-01,7.232109308242797852e-01,7.308731079101562500e-01,7.351447343826293945e-01,7.362394332885742188e-01,7.344157695770263672e-01,7.299678921699523926e-01,7.232167124748229980e-01,7.144985795021057129e-01,7.041539549827575684e-01,6.925184130668640137e-01,6.799120903015136719e-01,6.666337251663208008e-01,6.529559493064880371e-01,6.391215920448303223e-01,6.253409385681152344e-01,6.117886900901794434e-01,5.986008644104003906e-01,5.858719944953918457e-01,5.736516118049621582e-01,5.619469881057739258e-01,5.507237911224365234e-01,5.399132966995239258e-01,5.294160842895507812e-01,5.191099047660827637e-01,5.088552832603454590e-01,4.985025227069854736e-01,4.878986775875091553e-01,4.768922030925750732e-01,4.653413295745849609e-01,4.531191289424896240e-01,4.401185512542724609e-01,4.262608885765075684e-01,4.114974737167358398e-01,3.958169817924499512e-01,3.792489767074584961e-01,3.618698418140411377e-01,3.438016772270202637e-01,3.252145349979400635e-01,3.063213229179382324e-01,2.873739898204803467e-01,2.686560451984405518e-01,2.504792213439941406e-01,2.331805229187011719e-01,2.171134054660797119e-01,2.026495337486267090e-01,1.901701390743255615e-01,1.800564080476760864e-01,1.726825982332229614e-01,1.684041023254394531e-01
1.000000000000000000e+00,9.963244199752807617e-01,9.853393435478210449e-01,9.672282934188842773e-01,9.422966837882995605e-01,9.109416007995605469e-01,8.736422061920166016e-01,8.309566378593444824e-01,7.835230231285095215e-01,7.320542335510253906e-01,6.773313879966735840e-01,6.201899647712707520e-01,5.615051388740539551e-01,5.021730065345764160e-01,4.430890381336212158e-01,3.851282596588134766e-01,3.291254341602325439e-01,2.758623063564300537e-01,2.260537296533584595e-01,1.803442239761352539e-01,1.393006592988967896e-01,1.034110412001609802e-01,7.307943701744079590e-02,4.862201586365699768e-02,3.026364743709564209e-02,1.813217997550964355e-02,1.225777622312307358e-02,1.257048361003398895e-02,1.890325173735618591e-02,3.099396638572216034e-02,4.849433153867721558e-02,7.097721099853515625e-02,9.794870018959045410e-02,1.288597434759140015e-01,1.631183922290802002e-01,2.001029998064041138e-01,2.391738295555114746e-01,2.796841561794281006e-01,3.209930658340454102e-01,3.624735474586486816e-01,4.035255908966064453e-01,4.435826241970062256e-01,4.821224510669708252e-01,5.186740159988403320e-01,5.528246760368347168e-01,5.842254757881164551e-01,6.125943064689636230e-01,6.377184987068176270e-01,6.594558358192443848e-01,6.777328848838806152e-01,6.925431489944458008e-01,7.039456367492675781e-01,7.120574116706848145e-01,7.170507311820983887e-01,7.191449403762817383e-01,7.186008095741271973e-01,7.157089114189147949e-01,7.107809185981750488e-01,7.041382789611816406e-01,6.961011886596679688e-01,6.869774460792541504e-01,6.770543456077575684e-01,6.665924191474914551e-01,6.558219194412231445e-01,6.449411511421203613e-01,6.341126561164855957e-01,6.234626173973083496e-01,6.130785346031188965e-01,6.030055284500122070e-01,5.932469367980957031e-01,5.837646722793579102e-01,5.744828581809997559e-01,5.652929544448852539e-01,5.560601353645324707e-01,5.466325879096984863e-01,5.368455648422241211e-01,5.265294909477233887e-01,5.155189633369445801e-01,5.036581754684448242e-01,4.908058345317840576e-01,4.768447875976562500e-01,4.616863727569580078e-01,4.452759921550750732e-01,4.275971949100494385e-01,4.086784720420837402e-01,3.885969519615173340e-01,3.674809634685516357e-01,3.455123603343963623e-01,3.229219913482666016e-01,2.999878525733947754e-01,2.770263552665710449e-01,2.543859183788299561e-01,2.324428111314773560e-01,2.115939259529113770e-01,1.922552585601806641e-01,1.748531162738800049e-01,1.598187983036041260e-01,1.475763320922851562e-01,1.385338306427001953e-01,1.330704391002655029e-01
1.000000000000000000e+00,9.963240027427673340e-01,9.853366613388061523e-01,9.672219157218933105e-01,9.422854781150817871e-01,9.109255671501159668e-01,8.736233711242675781e-01,8.309398889541625977e-01,7.835153937339782715e-01,7.320657968521118164e-01,6.773740649223327637e-01,6.202776432037353516e-01,5.616537332534790039e-01,5.023987293243408203e-01,4.434077739715576172e-01,3.855544626712799072e-01,3.296709358692169189e-01,2.765341401100158691e-01,2.268549948930740356e-01,1.812705993652343750e-01,1.403416991233825684e-01,1.045472547411918640e-01,7.428156584501266479e-02,4.985114559531211853e-02,3.146931156516075134e-02,1.925262436270713806e-02,1.321950554847717285e-02,1.328933797776699066e-02,1.928437314927577972e-02,3.093454428017139435e-02,4.788486659526824951e-02,6.970475614070892334e-02,9.589959681034088135e-02,1.259228736162185669e-01,1.591883003711700439e-01,1.950833499431610107e-01,2.329788058996200562e-01,2.722431421279907227e-01,3.122513592243194580e-01,3.523966073989868164e-01,3.921001851558685303e-01,4.308195710182189941e-01,4.680584669113159180e-01,5.033736228942871094e-01,5.363790988922119141e-01,5.667547583580017090e-01,5.942453145980834961e-01,6.186650395393371582e-01,6.398963332176208496e-01,6.578876376152038574e-01,6.726531386375427246e-01,6.842672824859619141e-01,6.928606629371643066e-01,6.986145377159118652e-01,7.017541527748107910e-01,7.025393247604370117e-01,7.012559771537780762e-01,6.982064247131347656e-01,6.936951279640197754e-01,6.880183815956115723e-01,6.814559102058410645e-01,6.742595434188842773e-01,6.666513085365295410e-01,6.588181257247924805e-01,6.509119272232055664e-01,6.430479288101196289e-01,6.353038549423217773e-01,6.277175545692443848e-01,6.202861666679382324e-01,6.129665374755859375e-01,6.056756973266601562e-01,5.982961058616638184e-01,5.906816720962524414e-01,5.826637148857116699e-01,5.740603208541870117e-01,5.646837949752807617e-01,5.543479919433593750e-01,5.428757667541503906e-01,5.301080942153930664e-01,5.159087777137756348e-01,5.001722574234008789e-01,4.828298687934875488e-01,4.638539254665374756e-01,4.432630240917205811e-01,4.211273789405822754e-01,3.975726366043090820e-01,3.727817833423614502e-01,3.469948172569274902e-01,3.205050528049468994e-01,2.936531901359558105e-01,2.668189704418182373e-01,2.404134720563888550e-01,2.148739546537399292e-01,1.906581073999404907e-01,1.682366281747817993e-01,1.480883657932281494e-01,1.306885778903961182e-01,1.165008470416069031e-01,1.059590354561805725e-01,9.946149587631225586e-02
1.000000000000000000e+00,9.963236451148986816e-01,9.853352904319763184e-01,9.672178626060485840e-01,9.422778487205505371e-01,9.109156727790832520e-01,8.736138939857482910e-01,8.309361338615417480e-01,7.835255861282348633e-01,7.321007251739501953e-01,6.774470210075378418e-01,6.204040050506591797e-01,5.618495941162109375e-01,5.026817321777343750e-01,4.437939822673797607e-01,3.860592544078826904e-01,3.303058445453643799e-01,2.773068249225616455e-01,2.277676463127136230e-01,1.823191493749618530e-01,1.415130496025085449e-01,1.058207377791404724e-01,7.562667876482009888e-02,5.122594162821769714e-02,3.282011300325393677e-02,2.051447331905364990e-02,1.431541889905929565e-02,1.413109898567199707e-02,1.977367140352725983e-02,3.096443228423595428e-02,4.734216630458831787e-02,6.847327202558517456e-02,9.386234730482101440e-02,1.229659020900726318e-01,1.552045047283172607e-01,1.899732649326324463e-01,2.266562730073928833e-01,2.646362185478210449e-01,3.033061623573303223e-01,3.420786559581756592e-01,3.803979456424713135e-01,4.177468419075012207e-01,4.536548554897308350e-01,4.877070486545562744e-01,5.195465683937072754e-01,5.488812327384948730e-01,5.754845142364501953e-01,5.991969704627990723e-01,6.199260950088500977e-01,6.376432776451110840e-01,6.523822546005249023e-01,6.642335057258605957e-01,6.733405590057373047e-01,6.798926591873168945e-01,6.841196417808532715e-01,6.862801909446716309e-01,6.866548061370849609e-01,6.855325698852539062e-01,6.832001209259033203e-01,6.799294948577880859e-01,6.759677529335021973e-01,6.715328693389892578e-01,6.668052077293395996e-01,6.619282960891723633e-01,6.570073366165161133e-01,6.521099805831909180e-01,6.472642421722412109e-01,6.424598097801208496e-01,6.376459002494812012e-01,6.327324509620666504e-01,6.275931000709533691e-01,6.220691800117492676e-01,6.159778833389282227e-01,6.091179251670837402e-01,6.012804508209228516e-01,5.922544002532958984e-01,5.818395018577575684e-01,5.698506236076354980e-01,5.561263561248779297e-01,5.405389666557312012e-01,5.229969620704650879e-01,5.034536123275756836e-01,4.819107949733734131e-01,4.584245979785919189e-01,4.331091642379760742e-01,4.061395525932312012e-01,3.777536749839782715e-01,3.482505083084106445e-01,3.179843127727508545e-01,2.873564958572387695e-01,2.568097710609436035e-01,2.268134802579879761e-01,1.978648006916046143e-01,1.704766899347305298e-01,1.451717168092727661e-01,1.224775537848472595e-01,1.029093116521835327e-01,8.695951849222183228e-02,7.508773356676101685e-02,6.770233064889907837e-02
1.000000000000000000e+00,9.963238239288330078e-01,9.853348731994628906e-01,9.672158956527709961e-01,9.422741532325744629e-01,9.109114408493041992e-01,8.736128807067871094e-01,8.309447765350341797e-01,7.835528850555419922e-01,7.321586608886718750e-01,6.775497198104858398e-01,6.205677986145019531e-01,5.620918869972229004e-01,5.030204057693481445e-01,4.442468583583831787e-01,3.866411149501800537e-01,3.310291171073913574e-01,2.781789302825927734e-01,2.287900894880294800e-01,1.834864318370819092e-01,1.428125202655792236e-01,1.072296872735023499e-01,7.711182534694671631e-02,5.274304002523422241e-02,3.431313857436180115e-02,2.191520296037197113e-02,1.554344594478607178e-02,1.509449444711208344e-02,2.037028223276138306e-02,3.108379244804382324e-02,4.686800763010978699e-02,6.728545576333999634e-02,9.184181690216064453e-02,1.199961453676223755e-01,1.511752605438232422e-01,1.847848445177078247e-01,2.202209085226058960e-01,2.568815052509307861e-01,2.941780686378479004e-01,3.315440416336059570e-01,3.684469759464263916e-01,4.043950438499450684e-01,4.389460980892181396e-01,4.717134535312652588e-01,5.023692250251770020e-01,5.306509733200073242e-01,5.563606023788452148e-01,5.793658494949340820e-01,5.995993018150329590e-01,6.170555949211120605e-01,6.317871212959289551e-01,6.439008712768554688e-01,6.535524725914001465e-01,6.609390377998352051e-01,6.662928462028503418e-01,6.698713898658752441e-01,6.719474792480468750e-01,6.727962493896484375e-01,6.726835370063781738e-01,6.718552112579345703e-01,6.705271601676940918e-01,6.688783764839172363e-01,6.670488715171813965e-01,6.651371717453002930e-01,6.632018685340881348e-01,6.612623333930969238e-01,6.592978835105895996e-01,6.572496891021728516e-01,6.550186872482299805e-01,6.524697542190551758e-01,6.494336128234863281e-01,6.457114815711975098e-01,6.410840749740600586e-01,6.353208422660827637e-01,6.281852126121520996e-01,6.194474101066589355e-01,6.088934540748596191e-01,5.963327884674072266e-01,5.816061496734619141e-01,5.645940899848937988e-01,5.452237129211425781e-01,5.234719514846801758e-01,4.993736445903778076e-01,4.730231761932373047e-01,4.445804953575134277e-01,4.142704606056213379e-01,3.823879361152648926e-01,3.492883145809173584e-01,3.153869509696960449e-01,2.811432182788848877e-01,2.470581680536270142e-01,2.136605232954025269e-01,1.815014183521270752e-01,1.511461436748504639e-01,1.231684386730194092e-01,9.813430905342102051e-02,7.659592479467391968e-02,5.907162278890609741e-02,4.603584110736846924e-02,3.790636360645294189e-02
1.000000000000000000e+00,9.963241219520568848e-01,9.853353500366210938e-01,9.672158956527709961e-01,9.422740340232849121e-01,9.109129905700683594e-01,8.736203312873840332e-01,8.309655785560607910e-01,7.835969924926757812e-01,7.322389483451843262e-01,6.776815652847290039e-01,6.207683086395263672e-01,5.623800158500671387e-01,5.034143328666687012e-01,4.447646439075469971e-01,3.872987627983093262e-01,3.318384885787963867e-01,2.791477143764495850e-01,2.299195677042007446e-01,1.847706139087677002e-01,1.442369818687438965e-01,1.087697371840476990e-01,7.873323559761047363e-02,5.439900979399681091e-02,3.594484925270080566e-02,2.345096692442893982e-02,1.689975522458553314e-02,1.617637276649475098e-02,2.107208594679832458e-02,3.129159286618232727e-02,4.646209254860877991e-02,6.614362448453903198e-02,8.984139561653137207e-02,1.170190870761871338e-01,1.471095532178878784e-01,1.795291304588317871e-01,2.136863768100738525e-01,2.489958405494689941e-01,2.848874330520629883e-01,3.208163082599639893e-01,3.562739789485931396e-01,3.907957077026367188e-01,4.239669740200042725e-01,4.554306566715240479e-01,4.848889708518981934e-01,5.121086835861206055e-01,5.369213223457336426e-01,5.592221617698669434e-01,5.789687633514404297e-01,5.961778759956359863e-01,6.109223365783691406e-01,6.233240365982055664e-01,6.335500478744506836e-01,6.418052911758422852e-01,6.483234763145446777e-01,6.533593535423278809e-01,6.571757197380065918e-01,6.600326299667358398e-01,6.621746420860290527e-01,6.638186573982238770e-01,6.651469469070434570e-01,6.663004159927368164e-01,6.673768758773803711e-01,6.684298515319824219e-01,6.694705486297607422e-01,6.704704761505126953e-01,6.713603138923645020e-01,6.720325350761413574e-01,6.723418235778808594e-01,6.721071004867553711e-01,6.711169481277465820e-01,6.691349148750305176e-01,6.659075021743774414e-01,6.611723303794860840e-01,6.546711325645446777e-01,6.461567878723144531e-01,6.354033946990966797e-01,6.222178936004638672e-01,6.064454913139343262e-01,5.879791975021362305e-01,5.667652487754821777e-01,5.428087115287780762e-01,5.161779522895812988e-01,4.870086610317230225e-01,4.555064737796783447e-01,4.219487309455871582e-01,3.866842985153198242e-01,3.501262366771697998e-01,3.127454817295074463e-01,2.750610709190368652e-01,2.376289814710617065e-01,2.010324299335479736e-01,1.658740639686584473e-01,1.327691078186035156e-01,1.023338064551353455e-01,7.517284899950027466e-02,5.186565220355987549e-02,3.295315802097320557e-02,1.892088912427425385e-02,1.018727011978626251e-02
1.000000000000000000e+00,9.963247776031494141e-01,9.853366017341613770e-01,9.672178030014038086e-01,9.422773122787475586e-01,9.109197854995727539e-01,8.736359477043151855e-01,8.309977650642395020e-01,7.836570739746093750e-01,7.323408722877502441e-01,6.778415441513061523e-01,6.210044622421264648e-01,5.627118945121765137e-01,5.038618445396423340e-01,4.453460574150085449e-01,3.880296945571899414e-01,3.327320218086242676e-01,2.802108824253082275e-01,2.311530262231826782e-01,1.861678510904312134e-01,1.457820683717727661e-01,1.104375645518302917e-01,8.048636466264724731e-02,5.618852004408836365e-02,3.770969435572624207e-02,2.511690557003021240e-02,1.838005520403385162e-02,1.737247034907341003e-02,2.187543921172618866e-02,3.158548474311828613e-02,4.612392187118530273e-02,6.504800170660018921e-02,8.786416053771972656e-02,1.140392571687698364e-01,1.430143117904663086e-01,1.742153465747833252e-01,2.070652842521667480e-01,2.409946471452713013e-01,2.754525840282440186e-01,3.099174797534942627e-01,3.439049720764160156e-01,3.769778311252593994e-01,4.087503552436828613e-01,4.388952851295471191e-01,4.671456515789031982e-01,4.932983219623565674e-01,5.172135233879089355e-01,5.388146638870239258e-01,5.580845475196838379e-01,5.750628709793090820e-01,5.898408293724060059e-01,6.025562882423400879e-01,6.133867502212524414e-01,6.225427985191345215e-01,6.302604079246520996e-01,6.367886662483215332e-01,6.423797607421875000e-01,6.472771763801574707e-01,6.517010927200317383e-01,6.558396220207214355e-01,6.598396897315979004e-01,6.638031601905822754e-01,6.677842140197753906e-01,6.717917323112487793e-01,6.757899522781372070e-01,6.797012686729431152e-01,6.834086775779724121e-01,6.867566108703613281e-01,6.895536780357360840e-01,6.915743350982666016e-01,6.925664544105529785e-01,6.922558546066284180e-01,6.903552412986755371e-01,6.865775585174560547e-01,6.806401014328002930e-01,6.722815036773681641e-01,6.612690687179565430e-01,6.474077105522155762e-01,6.305509209632873535e-01,6.106069087982177734e-01,5.875437855720520020e-01,5.613963007926940918e-01,5.322692990303039551e-01,5.003401041030883789e-01,4.658623635768890381e-01,4.291641414165496826e-01,3.906495869159698486e-01,3.507854044437408447e-01,3.100999295711517334e-01,2.691648006439208984e-01,2.285895049571990967e-01,1.890094280242919922e-01,1.510741561651229858e-01,1.154451146721839905e-01,8.277666568756103516e-02,5.370566248893737793e-02,2.883741445839405060e-02,8.724296465516090393e-03,-6.140872370451688766e-03,-1.534369587898254395e-02
1.000000000000000000e+00,9.963256120681762695e-01,9.853387475013732910e-01,9.672216773033142090e-01,9.422833323478698730e-01,9.109315872192382812e-01,8.736589550971984863e-01,8.310411572456359863e-01,7.837325930595397949e-01,7.324636578559875488e-01,6.780288219451904297e-01,6.212755441665649414e-01,5.630868077278137207e-01,5.043609142303466797e-01,4.459887742996215820e-01,3.888324797153472900e-01,3.337069749832153320e-01,2.813649475574493408e-01,2.324867099523544312e-01,1.876736432313919067e-01,1.474435180425643921e-01,1.122268810868263245e-01,8.236568421125411987e-02,5.810651183128356934e-02,3.960220143198966980e-02,2.690717577934265137e-02,1.997859776020050049e-02,1.867809146642684937e-02,2.277636714279651642e-02,3.196212276816368103e-02,4.585095494985580444e-02,6.399843841791152954e-02,8.591103553771972656e-02,1.110605075955390930e-01,1.388952732086181641e-01,1.688524782657623291e-01,2.003687322139739990e-01,2.328922897577285767e-01,2.658919692039489746e-01,2.988690733909606934e-01,3.313651680946350098e-01,3.629703819751739502e-01,3.933288156986236572e-01,4.221436381340026855e-01,4.491790235042572021e-01,4.742619097232818604e-01,4.972825944423675537e-01,5.181915163993835449e-01,5.369973182678222656e-01,5.537620186805725098e-01,5.685957670211791992e-01,5.816503167152404785e-01,5.931136012077331543e-01,6.032019853591918945e-01,6.121507883071899414e-01,6.202035546302795410e-01,6.275996565818786621e-01,6.345639228820800781e-01,6.412914395332336426e-01,6.479393243789672852e-01,6.546186208724975586e-01,6.613909006118774414e-01,6.682669520378112793e-01,6.752098202705383301e-01,6.821365952491760254e-01,6.889222264289855957e-01,6.954010725021362305e-01,7.013712525367736816e-01,7.065944671630859375e-01,7.108035683631896973e-01,7.137052416801452637e-01,7.149900197982788086e-01,7.143406271934509277e-01,7.114425301551818848e-01,7.059956192970275879e-01,6.977252960205078125e-01,6.863933205604553223e-01,6.718087792396545410e-01,6.538345217704772949e-01,6.323959231376647949e-01,6.074872016906738281e-01,5.791744589805603027e-01,5.475996136665344238e-01,5.129847526550292969e-01,4.756303131580352783e-01,4.359157681465148926e-01,3.942974805831909180e-01,3.512963056564331055e-01,3.074935972690582275e-01,2.635121941566467285e-01,2.200121730566024780e-01,1.776749491691589355e-01,1.371978223323822021e-01,9.927909821271896362e-02,6.461069732904434204e-02,3.385416418313980103e-02,7.632593158632516861e-03,-1.349192857742309570e-02,-2.902709878981113434e-02,-3.856423497200012207e-02
1.000000000000000000e+00,9.963265657424926758e-01,9.853417873382568359e-01,9.672269225120544434e-01,9.422926306724548340e-01,9.109482765197753906e-01,8.736894726753234863e-01,8.310952186584472656e-01,7.838231921195983887e-01,7.326064109802246094e-01,6.782425045967102051e-01,6.215799450874328613e-01,5.635032653808593750e-01,5.049103498458862305e-01,4.466907978057861328e-01,3.897037506103515625e-01,3.347598612308502197e-01,2.826066017150878906e-01,2.339166849851608276e-01,1.892835944890975952e-01,1.492155939340591431e-01,1.141329631209373474e-01,8.436492085456848145e-02,6.014613434672355652e-02,4.161600768566131592e-02,2.881554886698722839e-02,2.168932743370532990e-02,2.008714526891708374e-02,2.376963943243026733e-02,3.241745755076408386e-02,4.564108699560165405e-02,6.299342960119247437e-02,8.398284018039703369e-02,1.080852672457695007e-01,1.347576081752777100e-01,1.634480357170104980e-01,1.936077475547790527e-01,2.247024923563003540e-01,2.562221884727478027e-01,2.876913547515869141e-01,3.186781406402587891e-01,3.488007187843322754e-01,3.777335584163665771e-01,4.052105545997619629e-01,4.310271143913269043e-01,4.550409913063049316e-01,4.771725535392761230e-01,4.973995089530944824e-01,5.157563090324401855e-01,5.323258042335510254e-01,5.472376346588134766e-01,5.606572628021240234e-01,5.727819204330444336e-01,5.838323235511779785e-01,5.940419435501098633e-01,6.036472916603088379e-01,6.128742098808288574e-01,6.219263076782226562e-01,6.309728026390075684e-01,6.401381492614746094e-01,6.494966149330139160e-01,6.590682268142700195e-01,6.688207983970642090e-01,6.786710619926452637e-01,6.884890794754028320e-01,6.981020569801330566e-01,7.072976231575012207e-01,7.158265709877014160e-01,7.234067320823669434e-01,7.297281622886657715e-01,7.344599962234497070e-01,7.372579574584960938e-01,7.377769351005554199e-01,7.356778979301452637e-01,7.306458950042724609e-01,7.223952412605285645e-01,7.106863260269165039e-01,6.953341364860534668e-01,6.762140989303588867e-01,6.532729864120483398e-01,6.265314221382141113e-01,5.960897803306579590e-01,5.621296167373657227e-01,5.249164104461669922e-01,4.847983121871948242e-01,4.422056972980499268e-01,3.976461887359619141e-01,3.516928851604461670e-01,3.049748241901397705e-01,2.581665813922882080e-01,2.119727283716201782e-01,1.671195924282073975e-01,1.243435665965080261e-01,8.438187837600708008e-02,4.795262962579727173e-02,1.573899947106838226e-02,-1.162338536232709885e-02,-3.357013314962387085e-02,-4.961220547556877136e-02,-5.935471132397651672e-02
1.000000000000000000e+00,9.963276982307434082e-01,9.853451848030090332e-01,9.672335386276245117e-01,9.423043727874755859e-01,9.109691381454467773e-01,8.737269043922424316e-01,8.311593532562255859e-01,7.839280962944030762e-01,7.327685952186584473e-01,6.784810423851013184e-01,6.219164133071899414e-01,5.639594197273254395e-01,5.055079460144042969e-01,4.474494457244873047e-01,3.906408250331878662e-01,3.358875215053558350e-01,2.839312553405761719e-01,2.354380935430526733e-01,1.909926086664199829e-01,1.510931402444839478e-01,1.161493286490440369e-01,8.647787570953369141e-02,6.230059638619422913e-02,4.374380409717559814e-02,3.083487413823604584e-02,2.350533939898014069e-02,2.159345336258411407e-02,2.484982274472713470e-02,3.294676169753074646e-02,4.549024254083633423e-02,6.203116476535797119e-02,8.207940310239791870e-02,1.051157563924789429e-01,1.306054741144180298e-01,1.580087095499038696e-01,1.867915987968444824e-01,2.164380252361297607e-01,2.464591860771179199e-01,2.764038741588592529e-01,3.058667480945587158e-01,3.344953954219818115e-01,3.619944155216217041e-01,3.881294429302215576e-01,4.127269983291625977e-01,4.356764256954193115e-01,4.569268822669982910e-01,4.764846563339233398e-01,4.944086372852325439e-01,5.108041167259216309e-01,5.258174538612365723e-01,5.396281480789184570e-01,5.524416565895080566e-01,5.644822716712951660e-01,5.759806036949157715e-01,5.871635675430297852e-01,5.982425808906555176e-01,6.093987822532653809e-01,6.207733154296875000e-01,6.324575543403625488e-01,6.444870829582214355e-01,6.568412780761718750e-01,6.694428920745849609e-01,6.821632981300354004e-01,6.948259472846984863e-01,7.072108387947082520e-01,7.190585732460021973e-01,7.300745844841003418e-01,7.399330735206604004e-01,7.482834458351135254e-01,7.547588944435119629e-01,7.589824199676513672e-01,7.605814933776855469e-01,7.591984272003173828e-01,7.545024752616882324e-01,7.462036609649658203e-01,7.340619564056396484e-01,7.179016470909118652e-01,6.976147294044494629e-01,6.731700897216796875e-01,6.446192264556884766e-01,6.120969057083129883e-01,5.758254528045654297e-01,5.361145734786987305e-01,4.933613240718841553e-01,4.480443894863128662e-01,4.007206857204437256e-01,3.520128428936004639e-01,3.025972247123718262e-01,2.531931698322296143e-01,2.045493125915527344e-01,1.574321687221527100e-01,1.126146093010902405e-01,7.086317241191864014e-02,3.291998058557510376e-02,-5.165919428691267967e-04,-2.880581095814704895e-02,-5.138447135686874390e-02,-6.777578592300415039e-02,-7.759831100702285767e-02
1.000000000000000000e+00,9.963290691375732422e-01,9.853492975234985352e-01,9.672415256500244141e-01,9.423185586929321289e-01,9.109944105148315430e-01,8.737707734107971191e-01,8.312330245971679688e-01,7.840462327003479004e-01,7.329490780830383301e-01,6.787441372871398926e-01,6.222838163375854492e-01,5.644537210464477539e-01,5.061512589454650879e-01,4.482625722885131836e-01,3.916405439376831055e-01,3.370864391326904297e-01,2.853353023529052734e-01,2.370463907718658447e-01,1.927949339151382446e-01,1.530700922012329102e-01,1.182693764567375183e-01,8.869738876819610596e-02,6.456289440393447876e-02,4.597817361354827881e-02,3.295761346817016602e-02,2.541950531303882599e-02,2.319039218127727509e-02,2.601080387830734253e-02,3.354538977146148682e-02,4.539507627487182617e-02,6.110939010977745056e-02,8.019997924566268921e-02,1.021531000733375549e-01,1.264426559209823608e-01,1.525409221649169922e-01,1.799295842647552490e-01,2.081110477447509766e-01,2.366183847188949585e-01,2.650251686573028564e-01,2.929534316062927246e-01,3.200803101062774658e-01,3.461411595344543457e-01,3.709335029125213623e-01,3.943153917789459229e-01,4.162074625492095947e-01,4.365885853767395020e-01,4.554923176765441895e-01,4.730024933815002441e-01,4.892456829547882080e-01,5.043852925300598145e-01,5.186136364936828613e-01,5.321435928344726562e-01,5.452011227607727051e-01,5.580134987831115723e-01,5.707963109016418457e-01,5.837444663047790527e-01,5.970154404640197754e-01,6.107214093208312988e-01,6.249187588691711426e-01,6.396043300628662109e-01,6.547153592109680176e-01,6.701306700706481934e-01,6.856756806373596191e-01,7.011272907257080078e-01,7.162188887596130371e-01,7.306455969810485840e-01,7.440680861473083496e-01,7.561182379722595215e-01,7.664073705673217773e-01,7.745321989059448242e-01,7.800869345664978027e-01,7.826747894287109375e-01,7.819201350212097168e-01,7.774819135665893555e-01,7.690666317939758301e-01,7.564392685890197754e-01,7.394356131553649902e-01,7.179664373397827148e-01,6.920266151428222656e-01,6.616986989974975586e-01,6.271549463272094727e-01,5.886595845222473145e-01,5.465660095214843750e-01,5.013186335563659668e-01,4.534439146518707275e-01,4.035471379756927490e-01,3.522965610027313232e-01,3.004137277603149414e-01,2.486596554517745972e-01,1.978224217891693115e-01,1.487047970294952393e-01,1.021111831068992615e-01,5.883330106735229492e-02,1.962875202298164368e-02,-1.479398086667060852e-02,-4.379530251026153564e-02,-6.681993603706359863e-02,-8.340588957071304321e-02,-9.319277852773666382e-02
1.000000000000000000e+00,9.963304996490478516e-01,9.853538274765014648e-01,9.672506451606750488e-01,9.423351287841796875e-01,9.110233783721923828e-01,8.738206028938293457e-01,8.313158154487609863e-01,7.841775417327880859e-01,7.331473827362060547e-01,6.790302395820617676e-01,6.226804852485656738e-01,5.649844408035278320e-01,5.068387389183044434e-01,4.491274654865264893e-01,3.926999270915985107e-01,3.383524715900421143e-01,2.868142724037170410e-01,2.387362569570541382e-01,1.946853250265121460e-01,1.551403850317001343e-01,1.204866617918014526e-01,9.101691097021102905e-02,6.692578643560409546e-02,4.831194132566452026e-02,3.517673164606094360e-02,2.742480672895908356e-02,2.487108670175075531e-02,2.724624611437320709e-02,3.420750796794891357e-02,4.535115510225296021e-02,6.022540479898452759e-02,7.834387570619583130e-02,9.919863939285278320e-02,1.222725361585617065e-01,1.470505595207214355e-01,1.730302721261978149e-01,1.997328549623489380e-01,2.267144769430160522e-01,2.535732984542846680e-01,2.799598276615142822e-01,3.055804967880249023e-01,3.302023708820343018e-01,3.536550998687744141e-01,3.758282363414764404e-01,3.966735303401947021e-01,4.161995947360992432e-01,4.344671368598937988e-01,4.515848755836486816e-01,4.676997065544128418e-01,4.829914867877960205e-01,4.976642727851867676e-01,5.119377970695495605e-01,5.260382294654846191e-01,5.401870608329772949e-01,5.545890331268310547e-01,5.694194436073303223e-01,5.848112106323242188e-01,6.008456349372863770e-01,6.175438165664672852e-01,6.348628997802734375e-01,6.526976227760314941e-01,6.708825230598449707e-01,6.891977190971374512e-01,7.073736786842346191e-01,7.250987291336059570e-01,7.420224547386169434e-01,7.577621936798095703e-01,7.719094157218933105e-01,7.840381264686584473e-01,7.937125563621520996e-01,8.004996776580810547e-01,8.039802312850952148e-01,8.037645816802978516e-01,7.995046973228454590e-01,7.909064292907714844e-01,7.777435183525085449e-01,7.598655819892883301e-01,7.372056841850280762e-01,7.097871303558349609e-01,6.777246594429016113e-01,6.412304639816284180e-01,6.006090641021728516e-01,5.562604665756225586e-01,5.086731314659118652e-01,4.584209620952606201e-01,4.061555266380310059e-01,3.525875210762023926e-01,2.984804213047027588e-01,2.446338236331939697e-01,1.918714642524719238e-01,1.410278081893920898e-01,9.293211996555328369e-02,4.839485511183738708e-02,8.185924962162971497e-03,-2.698505483567714691e-02,-5.648668855428695679e-02,-7.977507263422012329e-02,-9.640998393297195435e-02,-1.060542464256286621e-01
1.000000000000000000e+00,9.963319897651672363e-01,9.853588938713073730e-01,9.672609567642211914e-01,9.423537254333496094e-01,9.110559225082397461e-01,8.738763928413391113e-01,8.314072489738464355e-01,7.843210101127624512e-01,7.333619594573974609e-01,6.793380379676818848e-01,6.231049299240112305e-01,5.655495524406433105e-01,5.075675845146179199e-01,4.500409662723541260e-01,3.938155770301818848e-01,3.396823704242706299e-01,2.883637249469757080e-01,2.405029833316802979e-01,1.966586709022521973e-01,1.572976112365722656e-01,1.227946877479553223e-01,9.342885762453079224e-02,6.938165426254272461e-02,5.073779076337814331e-02,3.748445585370063782e-02,2.951389923691749573e-02,2.662876248359680176e-02,2.855021692812442780e-02,3.492811694741249084e-02,4.535445943474769592e-02,5.937636643648147583e-02,7.650975883007049561e-02,9.625302255153656006e-02,1.180979236960411072e-01,1.415428966283798218e-01,1.661014258861541748e-01,1.913146674633026123e-01,2.167614251375198364e-01,2.420660406351089478e-01,2.669065892696380615e-01,2.910208106040954590e-01,3.142069876194000244e-01,3.363262414932250977e-01,3.573007583618164062e-01,3.771134614944458008e-01,3.958021998405456543e-01,4.134548008441925049e-01,4.302031695842742920e-01,4.462153017520904541e-01,4.616863429546356201e-01,4.768314659595489502e-01,4.918750822544097900e-01,5.070431828498840332e-01,5.225498676300048828e-01,5.385864377021789551e-01,5.553075671195983887e-01,5.728209614753723145e-01,5.911755561828613281e-01,6.103553175926208496e-01,6.302781701087951660e-01,6.507951617240905762e-01,6.716976761817932129e-01,6.927196383476257324e-01,7.135469913482666016e-01,7.338227033615112305e-01,7.531529068946838379e-01,7.711129188537597656e-01,7.872555255889892578e-01,8.011184930801391602e-01,8.122365474700927734e-01,8.201509118080139160e-01,8.244253993034362793e-01,8.246577382087707520e-01,8.204960823059082031e-01,8.116503953933715820e-01,7.979047298431396484e-01,7.791272401809692383e-01,7.552751898765563965e-01,7.264018654823303223e-01,6.926584839820861816e-01,6.542941927909851074e-01,6.116575002670288086e-01,5.651915073394775391e-01,5.154318809509277344e-01,4.629964828491210938e-01,4.085779488086700439e-01,3.529299199581146240e-01,2.968534529209136963e-01,2.411829084157943726e-01,1.867731064558029175e-01,1.344839483499526978e-01,8.516644686460494995e-02,3.964255750179290771e-02,-1.314367516897618771e-03,-3.699975460767745972e-02,-6.679364293813705444e-02,-9.017258137464523315e-02,-1.067201867699623108e-01,-1.161283180117607117e-01
1.000000000000000000e+00,9.963336586952209473e-01,9.853643774986267090e-01,9.672722220420837402e-01,9.423742890357971191e-01,9.110918641090393066e-01,8.739371299743652344e-01,8.315066695213317871e-01,7.844758629798889160e-01,7.335925102233886719e-01,6.796665191650390625e-01,6.235556602478027344e-01,5.661467909812927246e-01,5.083356499671936035e-01,4.510005116462707520e-01,3.949841558933258057e-01,3.410714566707611084e-01,2.899789214134216309e-01,2.423413991928100586e-01,1.987081617116928101e-01,1.595358103513717651e-01,1.251867264509201050e-01,9.592625498771667480e-02,7.192333787679672241e-02,5.324806272983551025e-02,3.987340629100799561e-02,3.167926892638206482e-02,2.845642156898975372e-02,2.991642616689205170e-02,3.570198640227317810e-02,4.540085047483444214e-02,5.855930969119071960e-02,7.469663769006729126e-02,9.331677109003067017e-02,1.139219328761100769e-01,1.360232383012771606e-01,1.591512858867645264e-01,1.828675121068954468e-01,2.067734897136688232e-01,2.305205911397933960e-01,2.538153827190399170e-01,2.764259278774261475e-01,2.981827259063720703e-01,3.189789056777954102e-01,3.387689590454101562e-01,3.575663864612579346e-01,3.754382431507110596e-01,3.924992978572845459e-01,4.089050590991973877e-01,4.248422086238861084e-01,4.405211210250854492e-01,4.561662971973419189e-01,4.720065891742706299e-01,4.882657229900360107e-01,5.051490068435668945e-01,5.228329896926879883e-01,5.414502620697021484e-01,5.610808134078979492e-01,5.817406773567199707e-01,6.033765673637390137e-01,6.258656382560729980e-01,6.490165591239929199e-01,6.725757718086242676e-01,6.962335109710693359e-01,7.196304798126220703e-01,7.423658370971679688e-01,7.640036940574645996e-01,7.840790152549743652e-01,8.021064996719360352e-01,8.175925612449645996e-01,8.300422430038452148e-01,8.389759659767150879e-01,8.439415097236633301e-01,8.445297479629516602e-01,8.403868675231933594e-01,8.312309980392456055e-01,8.168600797653198242e-01,7.971630692481994629e-01,7.721242308616638184e-01,7.418290972709655762e-01,7.064653635025024414e-01,6.663227677345275879e-01,6.217921376228332520e-01,5.733602046966552734e-01,5.216060280799865723e-01,4.671902060508728027e-01,4.108469188213348389e-01,3.533674478530883789e-01,2.955862581729888916e-01,2.383690774440765381e-01,1.825968474149703979e-01,1.291504800319671631e-01,7.889387011528015137e-02,3.265511989593505859e-02,-8.795589208602905273e-03,-4.476584494113922119e-02,-7.465379685163497925e-02,-9.796108305454254150e-02,-1.142988577485084534e-01,-1.233925670385360718e-01
1.000000000000000000e+00,9.963353276252746582e-01,9.853699803352355957e-01,9.672842025756835938e-01,9.423962831497192383e-01,9.111306071281433105e-01,8.740030527114868164e-01,8.316133618354797363e-01,7.846412062644958496e-01,7.338375449180603027e-01,6.800144314765930176e-01,6.240311861038208008e-01,5.667752027511596680e-01,5.091404914855957031e-01,4.520034492015838623e-01,3.962019085884094238e-01,3.425163924694061279e-01,2.916554510593414307e-01,2.442467957735061646e-01,2.008292675018310547e-01,1.618487685918807983e-01,1.276561170816421509e-01,9.850309044122695923e-02,7.454401254653930664e-02,5.583535507321357727e-02,4.233662784099578857e-02,3.391433507204055786e-02,3.034782595932483673e-02,3.133890405297279358e-02,3.652360662817955017e-02,4.548595845699310303e-02,5.777185037732124329e-02,7.290303707122802734e-02,9.039083868265151978e-02,1.097469329833984375e-01,1.304966360330581665e-01,1.521875411272048950e-01,1.744015067815780640e-01,1.967644542455673218e-01,2.189538776874542236e-01,2.407060861587524414e-01,2.618198990821838379e-01,2.821575403213500977e-01,3.016445636749267578e-01,3.202678561210632324e-01,3.380708396434783936e-01,3.551500439643859863e-01,3.716464638710021973e-01,3.877377212047576904e-01,4.036296904087066650e-01,4.195464253425598145e-01,4.357206821441650391e-01,4.523843824863433838e-01,4.697563946247100830e-01,4.880333244800567627e-01,5.073736906051635742e-01,5.278879404067993164e-01,5.496263504028320312e-01,5.725710988044738770e-01,5.966309905052185059e-01,6.216418743133544922e-01,6.473699212074279785e-01,6.735177636146545410e-01,6.997312903404235840e-01,7.256081104278564453e-01,7.507043480873107910e-01,7.745431065559387207e-01,7.966203093528747559e-01,8.164169192314147949e-01,8.334075808525085449e-01,8.470727205276489258e-01,8.569135665893554688e-01,8.624661564826965332e-01,8.633161783218383789e-01,8.591142296791076660e-01,8.495876789093017578e-01,8.345528244972229004e-01,8.139217495918273926e-01,7.877085804939270020e-01,7.560324072837829590e-01,7.191194891929626465e-01,6.772996783256530762e-01,6.310059428215026855e-01,5.807691216468811035e-01,5.272094011306762695e-01,4.710282385349273682e-01,4.129976928234100342e-01,3.539424538612365723e-01,2.947299480438232422e-01,2.362504303455352783e-01,1.794057041406631470e-01,1.250910013914108276e-01,7.417862117290496826e-02,2.749353833496570587e-02,-1.420384459197521210e-02,-5.023878067731857300e-02,-8.003371953964233398e-02,-1.031205207109451294e-01,-1.191429570317268372e-01,-1.278624236583709717e-01
1.000000000000000000e+00,9.963369965553283691e-01,9.853759407997131348e-01,9.672968983650207520e-01,9.424196481704711914e-01,9.111721515655517578e-01,8.740730881690979004e-01,8.317270278930664062e-01,7.848166823387145996e-01,7.340962886810302734e-01,6.803803443908691406e-01,6.245298385620117188e-01,5.674318075180053711e-01,5.099796056747436523e-01,4.530464708805084229e-01,3.974660933017730713e-01,3.440127968788146973e-01,2.933891117572784424e-01,2.462137341499328613e-01,2.030160427093505859e-01,1.642313450574874878e-01,1.301969140768051147e-01,1.011517792940139771e-01,7.723674178123474121e-02,5.849323049187660217e-02,4.486730694770812988e-02,3.621235117316246033e-02,3.229638934135437012e-02,3.281196951866149902e-02,3.738847002387046814e-02,4.560631141066551208e-02,5.701108276844024658e-02,7.112818211317062378e-02,8.747565746307373047e-02,1.055759415030479431e-01,1.249682530760765076e-01,1.452177464962005615e-01,1.659277677536010742e-01,1.867481470108032227e-01,2.073834240436553955e-01,2.275998294353485107e-01,2.472270876169204712e-01,2.661595344543457031e-01,2.843553721904754639e-01,3.018327653408050537e-01,3.186661005020141602e-01,3.349801599979400635e-01,3.509412705898284912e-01,3.667496144771575928e-01,3.826283812522888184e-01,3.988140821456909180e-01,4.155467450618743896e-01,4.330595135688781738e-01,4.515661299228668213e-01,4.712508320808410645e-01,4.922542870044708252e-01,5.146617293357849121e-01,5.384935736656188965e-01,5.636970996856689453e-01,5.901421904563903809e-01,6.176235675811767578e-01,6.458649635314941406e-01,6.745249629020690918e-01,7.032067775726318359e-01,7.314651012420654297e-01,7.588152289390563965e-01,7.847405672073364258e-01,8.087006211280822754e-01,8.301432728767395020e-01,8.485152721405029297e-01,8.632748723030090332e-01,8.739076256752014160e-01,8.799406886100769043e-01,8.809595704078674316e-01,8.766209483146667480e-01,8.666669130325317383e-01,8.509339094161987305e-01,8.293601870536804199e-01,8.019922375679016113e-01,7.689841985702514648e-01,7.306008934974670410e-01,6.872143149375915527e-01,6.392986774444580078e-01,5.874268412590026855e-01,5.322593450546264648e-01,4.745364189147949219e-01,4.150637090206146240e-01,3.546982407569885254e-01,2.943316102027893066e-01,2.348767071962356567e-01,1.772515773773193359e-01,1.223579123616218567e-01,7.106775790452957153e-02,2.419845759868621826e-02,-1.750781014561653137e-02,-5.339956656098365784e-02,-8.293053507804870605e-02,-1.056632027029991150e-01,-1.212818026542663574e-01,-1.295850425958633423e-01
1.000000000000000000e+00,9.963387846946716309e-01,9.853821992874145508e-01,9.673100113868713379e-01,9.424446225166320801e-01,9.112159013748168945e-01,8.741475343704223633e-01,8.318471312522888184e-01,7.850013971328735352e-01,7.343676686286926270e-01,6.807633042335510254e-01,6.250500082969665527e-01,5.681155323982238770e-01,5.108509659767150879e-01,4.541269838809967041e-01,3.987732827663421631e-01,3.455575108528137207e-01,2.951754629611968994e-01,2.482376545667648315e-01,2.052635252475738525e-01,1.666767597198486328e-01,1.328029334545135498e-01,1.038671731948852539e-01,7.999525219202041626e-02,6.121514737606048584e-02,4.745904356241226196e-02,3.856725245714187622e-02,3.429677709937095642e-02,3.433071821928024292e-02,3.829210251569747925e-02,4.575822502374649048e-02,5.627506598830223083e-02,6.937141716480255127e-02,8.457252383232116699e-02,1.014122143387794495e-01,1.194434985518455505e-01,1.382502168416976929e-01,1.574568897485733032e-01,1.767379790544509888e-01,1.958262175321578979e-01,2.145171314477920532e-01,2.326719015836715698e-01,2.502172589302062988e-01,2.671431303024291992e-01,2.834996879100799561e-01,2.993915081024169922e-01,3.149711787700653076e-01,3.304300904273986816e-01,3.459893763065338135e-01,3.618887364864349365e-01,3.783760368824005127e-01,3.956973254680633545e-01,4.140846729278564453e-01,4.337456524372100830e-01,4.548505842685699463e-01,4.775197505950927734e-01,5.018129944801330566e-01,5.277190804481506348e-01,5.551489591598510742e-01,5.839341878890991211e-01,6.138278245925903320e-01,6.445108056068420410e-01,6.755994558334350586e-01,7.066541910171508789e-01,7.371886372566223145e-01,7.666785717010498047e-01,7.945688962936401367e-01,8.202856183052062988e-01,8.432459235191345215e-01,8.628709912300109863e-01,8.786001205444335938e-01,8.899065256118774414e-01,8.963131308555603027e-01,8.974079489707946777e-01,8.928579092025756836e-01,8.824226260185241699e-01,8.659617304801940918e-01,8.434433341026306152e-01,8.149464130401611328e-01,7.806634306907653809e-01,7.408982515335083008e-01,6.960635185241699219e-01,6.466752886772155762e-01,5.933473706245422363e-01,5.367786288261413574e-01,4.777436256408691406e-01,4.170807898044586182e-01,3.556730151176452637e-01,2.944346368312835693e-01,2.342936396598815918e-01,1.761765778064727783e-01,1.209880635142326355e-01,6.959147751331329346e-02,2.278883941471576691e-02,-1.870103552937507629e-02,-5.425802990794181824e-02,-8.336751908063888550e-02,-1.056338623166084290e-01,-1.207783222198486328e-01,-1.286430954933166504e-01
1.000000000000000000e+00,9.963405728340148926e-01,9.853883385658264160e-01,9.673236012458801270e-01,9.424703121185302734e-01,9.112619757652282715e-01,8.742253780364990234e-01,8.319727182388305664e-01,7.851943969726562500e-01,7.346507906913757324e-01,6.811617016792297363e-01,6.255900263786315918e-01,5.688235163688659668e-01,5.117520093917846680e-01,4.552422463893890381e-01,4.001195430755615234e-01,3.471462428569793701e-01,2.970102429389953613e-01,2.503136992454528809e-01,2.075665742158889771e-01,1.691810935735702515e-01,1.354692429304122925e-01,1.066424101591110229e-01,8.281340450048446655e-02,6.399507820606231689e-02,5.010563135147094727e-02,4.097307100892066956e-02,3.634288534522056580e-02,3.588980063796043396e-02,3.923034667968750000e-02,4.593884572386741638e-02,5.556178838014602661e-02,6.763219833374023438e-02,8.168286830186843872e-02,9.725855290889739990e-02,1.139278709888458252e-01,1.312927305698394775e-01,1.489995867013931274e-01,1.667484194040298462e-01,1.842997372150421143e-01,2.014789879322052002e-01,2.181790322065353394e-01,2.343585640192031860e-01,2.500401437282562256e-01,2.653042972087860107e-01,2.802863717079162598e-01,2.951658964157104492e-01,3.101586401462554932e-01,3.255053460597991943e-01,3.414609134197235107e-01,3.582840561866760254e-01,3.762243390083312988e-01,3.955116868019104004e-01,4.163452684879302979e-01,4.388801455497741699e-01,4.632150828838348389e-01,4.893822073936462402e-01,5.173378586769104004e-01,5.469570755958557129e-01,5.780309438705444336e-01,6.102714538574218750e-01,6.433176994323730469e-01,6.767438054084777832e-01,7.100691199302673340e-01,7.427672147750854492e-01,7.742749452590942383e-01,8.040031194686889648e-01,8.313440680503845215e-01,8.556880950927734375e-01,8.764339685440063477e-01,8.930048942565917969e-01,9.048658013343811035e-01,9.115386009216308594e-01,9.126172661781311035e-01,9.077836871147155762e-01,8.968172073364257812e-01,8.796043992042541504e-01,8.561450242996215820e-01,8.265528082847595215e-01,7.910587191581726074e-01,7.500073909759521484e-01,7.038516402244567871e-01,6.531496644020080566e-01,5.985513925552368164e-01,5.407930016517639160e-01,4.806821942329406738e-01,4.190843999385833740e-01,3.569059371948242188e-01,2.950766086578369141e-01,2.345359027385711670e-01,1.762119233608245850e-01,1.210040450096130371e-01,6.976126879453659058e-02,2.326302044093608856e-02,-1.780130155384540558e-02,-5.284667760133743286e-02,-8.139970898628234863e-02,-1.031031832098960876e-01,-1.177239716053009033e-01,-1.251479834318161011e-01
1.000000000000000000e+00,9.963424205780029297e-01,9.853946566581726074e-01,9.673373699188232422e-01,9.424969553947448730e-01,9.113093614578247070e-01,8.743063807487487793e-01,8.321035504341125488e-01,7.853949069976806641e-01,7.349445819854736328e-01,6.815744638442993164e-01,6.261486411094665527e-01,5.695545077323913574e-01,5.126799941062927246e-01,4.563893377780914307e-01,4.015023112297058105e-01,3.487755060195922852e-01,2.988896965980529785e-01,2.524382472038269043e-01,2.099207043647766113e-01,1.717380732297897339e-01,1.381896436214447021e-01,1.094728708267211914e-01,8.568561077117919922e-02,6.682714819908142090e-02,5.280185118317604065e-02,4.342468455433845520e-02,3.843063488602638245e-02,3.748517483472824097e-02,4.019958898425102234e-02,4.614548385143280029e-02,5.486987903714179993e-02,6.591031700372695923e-02,7.880791276693344116e-02,9.311891347169876099e-02,1.084271520376205444e-01,1.243536248803138733e-01,1.405673623085021973e-01,1.567936390638351440e-01,1.728214472532272339e-01,1.885065585374832153e-01,2.037733048200607300e-01,2.186125516891479492e-01,2.330784946680068970e-01,2.472831606864929199e-01,2.613910734653472900e-01,2.756081223487854004e-01,2.901731133460998535e-01,3.053463399410247803e-01,3.213962912559509277e-01,3.385901153087615967e-01,3.571801483631134033e-01,3.773925304412841797e-01,3.994157016277313232e-01,4.233878850936889648e-01,4.493848085403442383e-01,4.774098694324493408e-01,5.073860883712768555e-01,5.391509532928466797e-01,5.724558830261230469e-01,6.069719195365905762e-01,6.422960758209228516e-01,6.779616475105285645e-01,7.134477496147155762e-01,7.481899857521057129e-01,7.815883159637451172e-01,8.130202889442443848e-01,8.418487310409545898e-01,8.674384355545043945e-01,8.891687989234924316e-01,9.064519405364990234e-01,9.187468886375427246e-01,9.255782961845397949e-01,9.265511631965637207e-01,9.213647842407226562e-01,9.098221063613891602e-01,8.918392062187194824e-01,8.674488067626953125e-01,8.368023633956909180e-01,8.001694679260253906e-01,7.579348087310791016e-01,7.105934023857116699e-01,6.587396860122680664e-01,6.030641198158264160e-01,5.443339943885803223e-01,4.833868145942687988e-01,4.211121499538421631e-01,3.584332764148712158e-01,2.962918877601623535e-01,2.356317043304443359e-01,1.773767322301864624e-01,1.224144324660301208e-01,7.157207280397415161e-02,2.559965662658214569e-02,-1.484803855419158936e-02,-4.922641441226005554e-02,-7.710357010364532471e-02,-9.817038476467132568e-02,-1.122366115450859070e-01,-1.192367747426033020e-01
1.000000000000000000e+00,9.963441491127014160e-01,9.854009151458740234e-01,9.673516750335693359e-01,9.425240159034729004e-01,9.113587141036987305e-01,8.743901848793029785e-01,8.322387933731079102e-01,7.856025695800781250e-01,7.352481484413146973e-01,6.820001602172851562e-01,6.267239451408386230e-01,5.703062415122985840e-01,5.136334896087646484e-01,4.575657546520233154e-01,4.029185771942138672e-01,3.504422605037689209e-01,3.008102178573608398e-01,2.546068727970123291e-01,2.123217731714248657e-01,1.743442267179489136e-01,1.409600079059600830e-01,1.123530641198158264e-01,8.860693871974945068e-02,6.970650702714920044e-02,5.554259568452835083e-02,4.591730237007141113e-02,4.055517911911010742e-02,3.911310061812400818e-02,4.119687154889106750e-02,4.637587070465087891e-02,5.419834703207015991e-02,6.420660763978958130e-02,7.595002651214599609e-02,8.899726718664169312e-02,1.029476597905158997e-01,1.174417585134506226e-01,1.321714222431182861e-01,1.468881964683532715e-01,1.614093035459518433e-01,1.756210327148437500e-01,1.894795000553131104e-01,2.030075490474700928e-01,2.162908315658569336e-01,2.294725924730300903e-01,2.427449822425842285e-01,2.563404142856597900e-01,2.705195546150207520e-01,2.855604588985443115e-01,3.017444908618927002e-01,3.193453550338745117e-01,3.386163711547851562e-01,3.597775101661682129e-01,3.830055892467498779e-01,4.084199666976928711e-01,4.360717236995697021e-01,4.659346342086791992e-01,4.978970289230346680e-01,5.317587852478027344e-01,5.672315955162048340e-01,6.039452552795410156e-01,6.414557695388793945e-01,6.792564988136291504e-01,7.167880535125732422e-01,7.534484863281250000e-01,7.886043190956115723e-01,8.216010332107543945e-01,8.517749905586242676e-01,8.784686326980590820e-01,9.010456800460815430e-01,9.189093112945556641e-01,9.315178394317626953e-01,9.384024739265441895e-01,9.391827583312988281e-01,9.335783720016479492e-01,9.214197993278503418e-01,9.026541113853454590e-01,8.773498535156250000e-01,8.456964492797851562e-01,8.080039024353027344e-01,7.646973133087158203e-01,7.163100838661193848e-01,6.634765863418579102e-01,6.069191694259643555e-01,5.474380850791931152e-01,4.858950674533843994e-01,4.231993257999420166e-01,3.602878153324127197e-01,2.981075942516326904e-01,2.376009374856948853e-01,1.796805560588836670e-01,1.252139806747436523e-01,7.500156760215759277e-02,2.975893951952457428e-02,-9.900303557515144348e-03,-4.347505047917366028e-02,-7.058048993349075317e-02,-9.095442295074462891e-02,-1.044559851288795471e-01,-1.110659614205360413e-01
1.000000000000000000e+00,9.963458776473999023e-01,9.854071736335754395e-01,9.673656821250915527e-01,9.425517320632934570e-01,9.114091396331787109e-01,8.744764328002929688e-01,8.323780894279479980e-01,7.858163118362426758e-01,7.355606555938720703e-01,6.824378371238708496e-01,6.273145675659179688e-01,5.710771679878234863e-01,5.146096944808959961e-01,4.587690234184265137e-01,4.043653011322021484e-01,3.521432280540466309e-01,3.027677536010742188e-01,2.568156123161315918e-01,2.147653102874755859e-01,1.769942194223403931e-01,1.437755525112152100e-01,1.152788475155830383e-01,9.157276898622512817e-02,7.262869179248809814e-02,5.832325294613838196e-02,4.844688251614570618e-02,4.271284490823745728e-02,4.077019542455673218e-02,4.221963509917259216e-02,4.662845283746719360e-02,5.354659631848335266e-02,6.252168118953704834e-02,7.311166077852249146e-02,8.489783108234405518e-02,9.749581664800643921e-02,1.105660945177078247e-01,1.238238438963890076e-01,1.370469331741333008e-01,1.500813961029052734e-01,1.628444045782089233e-01,1.753232479095458984e-01,1.875728219747543335e-01,1.997102797031402588e-01,2.119086384773254395e-01,2.243882566690444946e-01,2.374061495065689087e-01,2.512443661689758301e-01,2.661967873573303223e-01,2.825558781623840332e-01,3.006006479263305664e-01,3.205831348896026611e-01,3.427166044712066650e-01,3.671629428863525391e-01,3.940216898918151855e-01,4.233180284500122070e-01,4.549945890903472900e-01,4.889042973518371582e-01,5.248091816902160645e-01,5.623804926872253418e-01,6.012078523635864258e-01,6.408073902130126953e-01,6.806326508522033691e-01,7.200875878334045410e-01,7.585358023643493652e-01,7.953103780746459961e-01,8.297289013862609863e-01,8.611027598381042480e-01,8.887555003166198730e-01,9.120393991470336914e-01,9.303521513938903809e-01,9.431549310684204102e-01,9.499897360801696777e-01,9.504938125610351562e-01,9.444114565849304199e-01,9.316025376319885254e-01,9.120482206344604492e-01,8.858539462089538574e-01,8.532487154006958008e-01,8.145823478698730469e-01,7.703200578689575195e-01,7.210344672203063965e-01,6.673948168754577637e-01,6.101562976837158203e-01,5.501460433006286621e-01,4.882470965385437012e-01,4.253848791122436523e-01,3.625021874904632568e-01,3.005488812923431396e-01,2.404554486274719238e-01,1.831202358007431030e-01,1.293845921754837036e-01,8.001407980918884277e-02,3.568463772535324097e-02,-3.034775378182530403e-03,-3.569093346595764160e-02,-6.194828450679779053e-02,-8.159510791301727295e-02,-9.453906863927841187e-02,-1.008117198944091797e-01
1.000000000000000000e+00,9.963474273681640625e-01,9.854133725166320801e-01,9.673796892166137695e-01,9.425797462463378906e-01,9.114603400230407715e-01,8.745645284652709961e-01,8.325211405754089355e-01,7.860352993011474609e-01,7.358806729316711426e-01,6.828861236572265625e-01,6.279189586639404297e-01,5.718651413917541504e-01,5.156067609786987305e-01,4.599965810775756836e-01,4.058400690555572510e-01,3.538749516010284424e-01,3.047597110271453857e-01,2.590611875057220459e-01,2.172479629516601562e-01,1.796851903200149536e-01,1.466325074434280396e-01,1.182454451918601990e-01,9.457912296056747437e-02,7.558937370777130127e-02,6.114012002944946289e-02,5.100949481129646301e-02,4.490032047033309937e-02,4.245376586914062500e-02,4.326577112078666687e-02,4.690216481685638428e-02,5.291481688618659973e-02,6.085688993334770203e-02,7.029570639133453369e-02,8.082558959722518921e-02,9.207879006862640381e-02,1.037361249327659607e-01,1.155366674065589905e-01,1.272849589586257935e-01,1.388562321662902832e-01,1.501983106136322021e-01,1.613299250602722168e-01,1.723374426364898682e-01,1.833693683147430420e-01,1.946280598640441895e-01,2.063606977462768555e-01,2.188481986522674561e-01,2.323925644159317017e-01,2.473021745681762695e-01,2.638789415359497070e-01,2.824051380157470703e-01,3.031303286552429199e-01,3.262577652931213379e-01,3.519342839717864990e-01,3.802371323108673096e-01,4.111641049385070801e-01,4.446256160736083984e-01,4.804392457008361816e-01,5.183280706405639648e-01,5.579239130020141602e-01,5.987758636474609375e-01,6.403607130050659180e-01,6.820949316024780273e-01,7.233468890190124512e-01,7.634465694427490234e-01,8.016978502273559570e-01,8.373905420303344727e-01,8.698161840438842773e-01,8.982822895050048828e-01,9.221318364143371582e-01,9.407628178596496582e-01,9.536420702934265137e-01,9.603273272514343262e-01,9.604763984680175781e-01,9.538611173629760742e-01,9.403738975524902344e-01,9.200314879417419434e-01,8.929783105850219727e-01,8.594829440116882324e-01,8.199353218078613281e-01,7.748404741287231445e-01,7.248075008392333984e-01,6.705396175384521484e-01,6.128212809562683105e-01,5.525031089782714844e-01,4.904859364032745361e-01,4.277047514915466309e-01,3.651056587696075439e-01,3.036323785781860352e-01,2.442014515399932861e-01,1.876861900091171265e-01,1.348968297243118286e-01,8.655986934900283813e-02,4.330654442310333252e-02,5.656133871525526047e-03,-2.598758786916732788e-02,-5.134237185120582581e-02,-7.024700939655303955e-02,-8.266176283359527588e-02,-8.866538107395172119e-02
1.000000000000000000e+00,9.963491559028625488e-01,9.854191541671752930e-01,9.673937559127807617e-01,9.426078200340270996e-01,9.115124344825744629e-01,8.746544122695922852e-01,8.326668143272399902e-01,7.862589955329895020e-01,7.362075448036193848e-01,6.833437681198120117e-01,6.285359263420104980e-01,5.726690292358398438e-01,5.166224837303161621e-01,4.612464904785156250e-01,4.073401987552642822e-01,3.556354641914367676e-01,3.067827224731445312e-01,2.613405287265777588e-01,2.197663038969039917e-01,1.824128776788711548e-01,1.495269834995269775e-01,1.212500929832458496e-01,9.762202948331832886e-02,7.858529686927795410e-02,6.399006396532058716e-02,5.360222980380058289e-02,4.711478576064109802e-02,4.416177421808242798e-02,4.433399438858032227e-02,4.719648510217666626e-02,5.230345204472541809e-02,5.921409651637077332e-02,6.750566512346267700e-02,7.678579539060592651e-02,8.670391887426376343e-02,9.696168452501296997e-02,1.073224991559982300e-01,1.176179498434066772e-01,1.277526021003723145e-01,1.377048641443252563e-01,1.475251764059066772e-01,1.573308557271957397e-01,1.673008501529693604e-01,1.776665598154067993e-01,1.887014210224151611e-01,2.007088512182235718e-01,2.140089422464370728e-01,2.289231568574905396e-01,2.457614094018936157e-01,2.648069262504577637e-01,2.863050103187561035e-01,3.104475140571594238e-01,3.373635709285736084e-01,3.671073913574218750e-01,3.996478021144866943e-01,4.348623752593994141e-01,4.725316464900970459e-01,5.123407840728759766e-01,5.538813471794128418e-01,5.966632366180419922e-01,6.401253342628479004e-01,6.836478114128112793e-01,7.265653014183044434e-01,7.681763768196105957e-01,8.077581524848937988e-01,8.445761203765869141e-01,8.779031038284301758e-01,9.070353507995605469e-01,9.313112497329711914e-01,9.501309394836425781e-01,9.629727005958557129e-01,9.694124460220336914e-01,9.691328406333923340e-01,9.619362354278564453e-01,9.477492570877075195e-01,9.266264438629150391e-01,8.987519145011901855e-01,8.644347786903381348e-01,8.241050243377685547e-01,7.783045768737792969e-01,7.276793718338012695e-01,6.729629635810852051e-01,6.149662733078002930e-01,5.545591711997985840e-01,4.926566779613494873e-01,4.301979541778564453e-01,3.681269288063049316e-01,3.073746263980865479e-01,2.488380372524261475e-01,1.933590471744537354e-01,1.417118161916732788e-01,9.457837045192718506e-02,5.254137143492698669e-02,1.606687717139720917e-02,-1.449385005980730057e-02,-3.891240432858467102e-02,-5.708118528127670288e-02,-6.901129335165023804e-02,-7.483211159706115723e-02
1.000000000000000000e+00,9.963507056236267090e-01,9.854249954223632812e-01,9.674075245857238770e-01,9.426359534263610840e-01,9.115648865699768066e-01,8.747453689575195312e-01,8.328148722648620605e-01,7.864868640899658203e-01,7.365407943725585938e-01,6.838098764419555664e-01,6.291638016700744629e-01,5.734865665435791016e-01,5.176556706428527832e-01,4.625162482261657715e-01,4.088632464408874512e-01,3.574213981628417969e-01,3.088344931602478027e-01,2.636508643627166748e-01,2.223170846700668335e-01,1.851750016212463379e-01,1.524565815925598145e-01,1.242891922593116760e-01,1.006988659501075745e-01,8.161335438489913940e-02,6.686974316835403442e-02,5.622255802154541016e-02,4.935441538691520691e-02,4.589235782623291016e-02,4.542331770062446594e-02,4.751123487949371338e-02,5.171365290880203247e-02,5.759594589471817017e-02,6.474555283784866333e-02,7.278420031070709229e-02,8.137908577919006348e-02,9.025322645902633667e-02,9.919444471597671509e-02,1.080619096755981445e-01,1.167896538972854614e-01,1.253866106271743774e-01,1.339344978332519531e-01,1.425819098949432373e-01,1.515373736619949341e-01,1.610604673624038696e-01,1.714494526386260986e-01,1.830294579267501831e-01,1.961368322372436523e-01,2.111048251390457153e-01,2.282488942146301270e-01,2.478523403406143188e-01,2.701528966426849365e-01,2.953300476074218750e-01,3.234931528568267822e-01,3.546717762947082520e-01,3.888049423694610596e-01,4.257361292839050293e-01,4.652093946933746338e-01,5.068702697753906250e-01,5.502715706825256348e-01,5.948846340179443359e-01,6.401113867759704590e-01,6.852969527244567871e-01,7.297446131706237793e-01,7.727245092391967773e-01,8.134871125221252441e-01,8.512794375419616699e-01,8.853570818901062012e-01,9.150087237358093262e-01,9.395720958709716797e-01,9.584538936614990234e-01,9.711481928825378418e-01,9.772517085075378418e-01,9.764757156372070312e-01,9.686555862426757812e-01,9.537544846534729004e-01,9.318661689758300781e-01,9.032151699066162109e-01,8.681506514549255371e-01,8.271419405937194824e-01,7.807684540748596191e-01,7.297078967094421387e-01,6.747239232063293457e-01,6.166480779647827148e-01,5.563675761222839355e-01,4.948050379753112793e-01,4.329006373882293701e-01,3.715894818305969238e-01,3.117846548557281494e-01,2.543555498123168945e-01,2.001111358404159546e-01,1.497800946235656738e-01,1.039976403117179871e-01,6.329295784235000610e-02,2.807860448956489563e-02,-1.350621110759675503e-03,-2.482170984148979187e-02,-4.228113964200019836e-02,-5.379163473844528198e-02,-5.952867493033409119e-02
1.000000000000000000e+00,9.963520169258117676e-01,9.854305386543273926e-01,9.674210548400878906e-01,9.426638484001159668e-01,9.116174578666687012e-01,8.748373985290527344e-01,8.329647779464721680e-01,7.867175936698913574e-01,7.368785142898559570e-01,6.842830777168273926e-01,6.298013329505920410e-01,5.743165612220764160e-01,5.187037587165832520e-01,4.638041257858276367e-01,4.104067087173461914e-01,3.592312335968017578e-01,3.109118342399597168e-01,2.659887969493865967e-01,2.248984128236770630e-01,1.879681646823883057e-01,1.554178148508071899e-01,1.273601949214935303e-01,1.038065701723098755e-01,8.467102795839309692e-02,6.977742910385131836e-02,5.886837095022201538e-02,5.161735415458679199e-02,4.764469340443611145e-02,4.653317108750343323e-02,4.784708842635154724e-02,5.114690959453582764e-02,5.600505694746971130e-02,6.201975047588348389e-02,6.882707029581069946e-02,7.611270993947982788e-02,8.362120389938354492e-02,9.116574376821517944e-02,9.863302856683731079e-02,1.059864610433578491e-01,1.132659390568733215e-01,1.205840259790420532e-01,1.281197667121887207e-01,1.361113637685775757e-01,1.448448896408081055e-01,1.546430289745330811e-01,1.658505350351333618e-01,1.788187175989151001e-01,1.938909143209457397e-01,2.113860845565795898e-01,2.315852493047714233e-01,2.547170817852020264e-01,2.809466123580932617e-01,3.103622496128082275e-01,3.429669141769409180e-01,3.786687850952148438e-01,4.172771573066711426e-01,4.584975838661193848e-01,5.019376873970031738e-01,5.471112132072448730e-01,5.934521555900573730e-01,6.403265595436096191e-01,6.870472431182861328e-01,7.328875064849853516e-01,7.770898938179016113e-01,8.188839554786682129e-01,8.574973344802856445e-01,8.921753764152526855e-01,9.222016334533691406e-01,9.469161629676818848e-01,9.657374620437622070e-01,9.781785011291503906e-01,9.838608503341674805e-01,9.825276136398315430e-01,9.740490913391113281e-01,9.584272503852844238e-01,9.357954859733581543e-01,9.064187407493591309e-01,8.706874847412109375e-01,8.291079998016357422e-01,7.822960019111633301e-01,7.309589385986328125e-01,6.758859753608703613e-01,6.179280281066894531e-01,5.579836368560791016e-01,4.969786405563354492e-01,4.358493983745574951e-01,3.755158483982086182e-01,3.168673217296600342e-01,2.607420086860656738e-01,2.079061418771743774e-01,1.590435355901718140e-01,1.147355958819389343e-01,7.545544207096099854e-02,4.156076163053512573e-02,1.328763552010059357e-02,-9.246962144970893860e-03,-2.604395337402820587e-02,-3.721625357866287231e-02,-4.298615455627441406e-02
1.000000000000000000e+00,9.963534474372863770e-01,9.854359030723571777e-01,9.674339294433593750e-01,9.426913261413574219e-01,9.116699099540710449e-01,8.749296069145202637e-01,8.331162333488464355e-01,7.869512438774108887e-01,7.372207045555114746e-01,6.847624778747558594e-01,6.304470300674438477e-01,5.751577615737915039e-01,5.197654962539672852e-01,4.651077687740325928e-01,4.119694828987121582e-01,3.610619902610778809e-01,3.130130469799041748e-01,2.683534026145935059e-01,2.275071591138839722e-01,1.907903403043746948e-01,1.584090888500213623e-01,1.304608434438705444e-01,1.069433540105819702e-01,8.775603771209716797e-02,7.271074503660202026e-02,6.153822317719459534e-02,5.390265211462974548e-02,4.941797628998756409e-02,4.766403511166572571e-02,4.820489510893821716e-02,5.060523748397827148e-02,5.444477126002311707e-02,5.933316051959991455e-02,6.492120027542114258e-02,7.091346383094787598e-02,7.707691192626953125e-02,8.325010538101196289e-02,8.934751898050308228e-02,9.536257386207580566e-02,1.013653799891471863e-01,1.074991896748542786e-01,1.139731928706169128e-01,1.210541203618049622e-01,1.290543079376220703e-01,1.383187323808670044e-01,1.492108106613159180e-01,1.620952636003494263e-01,1.773228347301483154e-01,1.952144205570220947e-01,2.160465568304061890e-01,2.400377988815307617e-01,2.673359811305999756e-01,2.980069518089294434e-01,3.320263028144836426e-01,3.692702353000640869e-01,4.095115363597869873e-01,4.524194598197937012e-01,4.975622594356536865e-01,5.444160699844360352e-01,5.923779606819152832e-01,6.407799720764160156e-01,6.889044046401977539e-01,7.359963655471801758e-01,7.812748551368713379e-01,8.239487409591674805e-01,8.632318377494812012e-01,8.983606100082397461e-01,9.286181330680847168e-01,9.533519148826599121e-01,9.719949364662170410e-01,9.840826392173767090e-01,9.892660379409790039e-01,9.873217344284057617e-01,9.781574010848999023e-01,9.618145227432250977e-01,9.384683966636657715e-01,9.084237217903137207e-01,8.721104860305786133e-01,8.300728201866149902e-01,7.829587459564208984e-01,7.315037250518798828e-01,6.765189170837402344e-01,6.188697814941406250e-01,5.594635605812072754e-01,4.992240071296691895e-01,4.390776753425598145e-01,3.799232542514801025e-01,3.226226568222045898e-01,2.679745554924011230e-01,2.167011797428131104e-01,1.694334000349044800e-01,1.266984045505523682e-01,8.891218155622482300e-02,5.637139454483985901e-02,2.925477363169193268e-02,7.622835692018270493e-03,-8.578789420425891876e-03,-1.951331272721290588e-02,-2.544476278126239777e-02
1.000000000000000000e+00,9.963546991348266602e-01,9.854409098625183105e-01,9.674466252326965332e-01,9.427183866500854492e-01,9.117221236228942871e-01,8.750221133232116699e-01,8.332685232162475586e-01,7.871867418289184570e-01,7.375661730766296387e-01,6.852467656135559082e-01,6.311002373695373535e-01,5.760077238082885742e-01,5.208389759063720703e-01,4.664263725280761719e-01,4.135488569736480713e-01,3.629124164581298828e-01,3.151363134384155273e-01,2.707415223121643066e-01,2.301416844129562378e-01,1.936398595571517944e-01,1.614277362823486328e-01,1.335890293121337891e-01,1.101068779826164246e-01,9.086718410253524780e-02,7.566852122545242310e-02,6.423068791627883911e-02,5.620944872498512268e-02,5.121202021837234497e-02,4.881606251001358032e-02,4.858627170324325562e-02,5.009134858846664429e-02,5.291922390460968018e-02,5.669109150767326355e-02,6.107373535633087158e-02,6.579059362411499023e-02,7.063182443380355835e-02,7.546146959066390991e-02,8.022242039442062378e-02,8.493743091821670532e-02,8.970727026462554932e-02,9.470534324645996094e-02,1.001706048846244812e-01,1.063971668481826782e-01,1.137225031852722168e-01,1.225130185484886169e-01,1.331483721733093262e-01,1.460052579641342163e-01,1.614397317171096802e-01,1.797732114791870117e-01,2.012754678726196289e-01,2.261525392532348633e-01,2.545335292816162109e-01,2.864607572555541992e-01,3.218803107738494873e-01,3.606354594230651855e-01,4.024632871150970459e-01,4.469951391220092773e-01,4.937608540058135986e-01,5.421994328498840332e-01,5.916723012924194336e-01,6.414791941642761230e-01,6.908742785453796387e-01,7.390759587287902832e-01,7.852824926376342773e-01,8.286858201026916504e-01,8.684876561164855957e-01,9.039200544357299805e-01,9.342691898345947266e-01,9.588943123817443848e-01,9.772466421127319336e-01,9.888878464698791504e-01,9.935014843940734863e-01,9.908996224403381348e-01,9.810297489166259766e-01,9.639739394187927246e-01,9.399480819702148438e-01,9.092987179756164551e-01,8.724932670593261719e-01,8.301122188568115234e-01,7.828332781791687012e-01,7.314175963401794434e-01,6.766940355300903320e-01,6.195401549339294434e-01,5.608651041984558105e-01,5.015870332717895508e-01,4.426157176494598389e-01,3.848264217376708984e-01,3.290434181690216064e-01,2.760251164436340332e-01,2.264433503150939941e-01,1.808735579252243042e-01,1.397847980260848999e-01,1.035337075591087341e-01,7.235676795244216919e-02,4.637411981821060181e-02,2.558884210884571075e-02,9.894536808133125305e-03,-9.189353440888226032e-04,-7.152821402996778488e-03
1.000000000000000000e+00,9.963558912277221680e-01,9.854454994201660156e-01,9.674587845802307129e-01,9.427449703216552734e-01,9.117738604545593262e-01,8.751144409179687500e-01,8.334210515022277832e-01,7.874234318733215332e-01,7.379142642021179199e-01,6.857354640960693359e-01,6.317596435546875000e-01,5.768664479255676270e-01,5.219227671623229980e-01,4.677574038505554199e-01,4.151435196399688721e-01,3.647803366184234619e-01,3.172794282436370850e-01,2.731517553329467773e-01,2.328003942966461182e-01,1.965145915746688843e-01,1.644723266363143921e-01,1.367432922124862671e-01,1.132959499955177307e-01,9.400257468223571777e-02,7.864969223737716675e-02,6.694535166025161743e-02,5.853738263249397278e-02,5.302744358777999878e-02,4.999066889286041260e-02,4.899308085441589355e-02,4.960815981030464172e-02,5.143254622817039490e-02,5.409951880574226379e-02,5.729212984442710876e-02,6.075374409556388855e-02,6.429775059223175049e-02,6.781414151191711426e-02,7.127431035041809082e-02,7.473062723875045776e-02,7.831392437219619751e-02,8.222782611846923828e-02,8.673972636461257935e-02,9.217072278261184692e-02,9.888215363025665283e-02,1.072599366307258606e-01,1.176988109946250916e-01,1.305851638317108154e-01,1.462791860103607178e-01,1.650993674993515015e-01,1.873077601194381714e-01,2.130956053733825684e-01,2.425719052553176880e-01,2.757535874843597412e-01,3.125561475753784180e-01,3.527893126010894775e-01,3.961535394191741943e-01,4.422425329685211182e-01,4.905483722686767578e-01,5.404725670814514160e-01,5.913438796997070312e-01,6.424316167831420898e-01,6.929622292518615723e-01,7.421314716339111328e-01,7.891186475753784180e-01,8.331012129783630371e-01,8.732729554176330566e-01,9.088654518127441406e-01,9.391711354255676270e-01,9.635643959045410156e-01,9.815201759338378906e-01,9.926294088363647461e-01,9.966096878051757812e-01,9.933119416236877441e-01,9.827239513397216797e-01,9.649695754051208496e-01,9.403057694435119629e-01,9.091197848320007324e-01,8.719156384468078613e-01,8.293076753616333008e-01,7.820008993148803711e-01,7.307792901992797852e-01,6.764858365058898926e-01,6.200053691864013672e-01,5.622441768646240234e-01,5.041102766990661621e-01,4.464914500713348389e-01,3.902319371700286865e-01,3.361174464225769043e-01,2.848582565784454346e-01,2.370719313621520996e-01,1.932768523693084717e-01,1.538820266723632812e-01,1.191816627979278564e-01,8.935356140136718750e-02,6.445728242397308350e-02,4.444051161408424377e-02,2.914677001535892487e-02,1.832284592092037201e-02,1.163317263126373291e-02
1.000000000000000000e+00,9.963569045066833496e-01,9.854498505592346191e-01,9.674702882766723633e-01,9.427707791328430176e-01,9.118249416351318359e-01,8.752062916755676270e-01,8.335737586021423340e-01,7.876609563827514648e-01,7.382639646530151367e-01,6.862271428108215332e-01,6.324235200881958008e-01,5.777320861816406250e-01,5.230160355567932129e-01,4.690998494625091553e-01,4.167518019676208496e-01,3.666645884513854980e-01,3.194413483142852783e-01,2.755832374095916748e-01,2.354816794395446777e-01,1.994134187698364258e-01,1.675416976213455200e-01,1.399224251508712769e-01,1.165095567703247070e-01,9.716192632913589478e-02,8.165339380502700806e-02,6.968194991350173950e-02,6.088680028915405273e-02,5.486483499407768250e-02,5.118924006819725037e-02,4.942764341831207275e-02,4.915920272469520569e-02,4.998940229415893555e-02,5.156468227505683899e-02,5.358456075191497803e-02,5.581289529800415039e-02,5.808672681450843811e-02,6.032265350222587585e-02,6.252042204141616821e-02,6.476176530122756958e-02,6.720771640539169312e-02,7.009106129407882690e-02,7.370770722627639771e-02,7.840429246425628662e-02,8.456436544656753540e-02,9.259254485368728638e-02,1.028963774442672729e-01,1.158698499202728271e-01,1.318752914667129517e-01,1.512268036603927612e-01,1.741759926080703735e-01,2.008980661630630493e-01,2.314801365137100220e-01,2.659116685390472412e-01,3.040778040885925293e-01,3.457526564598083496e-01,3.906002938747406006e-01,4.381766617298126221e-01,4.879361093044281006e-01,5.392456650733947754e-01,5.914013981819152832e-01,6.436437368392944336e-01,6.951748132705688477e-01,7.451694011688232422e-01,7.927903532981872559e-01,8.372045755386352539e-01,8.776001334190368652e-01,9.132124781608581543e-01,9.433447718620300293e-01,9.673902392387390137e-01,9.848507642745971680e-01,9.953492283821105957e-01,9.986407756805419922e-01,9.946163296699523926e-01,9.833052754402160645e-01,9.648733139038085938e-01,9.396193623542785645e-01,9.079688191413879395e-01,8.704623579978942871e-01,8.277444839477539062e-01,7.805463671684265137e-01,7.296696305274963379e-01,6.759685873985290527e-01,6.203302741050720215e-01,5.636550188064575195e-01,5.068330168724060059e-01,4.507265985012054443e-01,3.961435854434967041e-01,3.438256084918975830e-01,2.944291234016418457e-01,2.485171854496002197e-01,2.065475136041641235e-01,1.688672006130218506e-01,1.357087790966033936e-01,1.071884483098983765e-01,8.330756425857543945e-02,6.396056711673736572e-02,4.894274473190307617e-02,3.796277567744255066e-02,3.065768070518970490e-02
1.000000000000000000e+00,9.963578581809997559e-01,9.854537844657897949e-01,9.674813151359558105e-01,9.427956938743591309e-01,9.118750691413879395e-01,8.752973079681396484e-01,8.337258100509643555e-01,7.878984212875366211e-01,7.386146783828735352e-01,6.867213845252990723e-01,6.330916881561279297e-01,5.786035060882568359e-01,5.241169333457946777e-01,4.704526364803314209e-01,4.183728694915771484e-01,3.685637414455413818e-01,3.216203749179840088e-01,2.780340611934661865e-01,2.381844222545623779e-01,2.023349851369857788e-01,1.706349104642868042e-01,1.431258022785186768e-01,1.197466403245925903e-01,1.003442704677581787e-01,8.467939496040344238e-02,7.244026660919189453e-02,6.325818598270416260e-02,5.672527849674224854e-02,5.241356417536735535e-02,4.989301040768623352e-02,4.874837771058082581e-02,4.859513416886329651e-02,4.909318685531616211e-02,4.995934292674064636e-02,5.097826570272445679e-02,5.201125517487525940e-02,5.300155282020568848e-02,5.397742614150047302e-02,5.505017936229705811e-02,5.641021952033042908e-02,5.831953883171081543e-02,6.110099703073501587e-02,6.512600928544998169e-02,7.079942524433135986e-02,7.854186743497848511e-02,8.877256512641906738e-02,1.018910706043243408e-01,1.182594820857048035e-01,1.381861567497253418e-01,1.619095653295516968e-01,1.895876079797744751e-01,2.212833911180496216e-01,2.569585144519805908e-01,2.964654564857482910e-01,3.395432233810424805e-01,3.858186304569244385e-01,4.348097741603851318e-01,4.859349131584167480e-01,5.385271310806274414e-01,5.918512344360351562e-01,6.451216340065002441e-01,6.975178718566894531e-01,7.481965422630310059e-01,7.963068485260009766e-01,8.410071134567260742e-01,8.814849853515625000e-01,9.169818758964538574e-01,9.468163251876831055e-01,9.704046845436096191e-01,9.872779846191406250e-01,9.970953464508056641e-01,9.996507763862609863e-01,9.948765039443969727e-01,9.828447699546813965e-01,9.637633562088012695e-01,9.379713535308837891e-01,9.059323072433471680e-01,8.682216405868530273e-01,8.255109190940856934e-01,7.785550951957702637e-01,7.281698584556579590e-01,6.752161383628845215e-01,6.205796003341674805e-01,5.651484131813049316e-01,5.097911953926086426e-01,4.553385376930236816e-01,4.025568068027496338e-01,3.521387577056884766e-01,3.046859502792358398e-01,2.607015371322631836e-01,2.205821275711059570e-01,1.846102178096771240e-01,1.529585272073745728e-01,1.256804913282394409e-01,1.027226075530052185e-01,8.392621576786041260e-02,6.904429197311401367e-02,5.775213986635208130e-02,4.966600611805915833e-02
1.000000000000000000e+00,9.963587522506713867e-01,9.854574203491210938e-01,9.674914479255676270e-01,9.428195953369140625e-01,9.119238853454589844e-01,8.753871917724609375e-01,8.338773250579833984e-01,7.881356477737426758e-01,7.389661669731140137e-01,6.872174143791198730e-01,6.337630748748779297e-01,5.794797539710998535e-01,5.252245664596557617e-01,4.718142449855804443e-01,4.200049936771392822e-01,3.704766929149627686e-01,3.238157927989959717e-01,2.805036902427673340e-01,2.409077435731887817e-01,2.052783966064453125e-01,1.737508177757263184e-01,1.463518738746643066e-01,1.230073347687721252e-01,1.035496070981025696e-01,8.772817254066467285e-02,7.522097975015640259e-02,6.565243005752563477e-02,5.861049145460128784e-02,5.366600304841995239e-02,5.039205402135848999e-02,4.837997257709503174e-02,4.725532233715057373e-02,4.669211432337760925e-02,4.642513021826744080e-02,4.626044258475303650e-02,4.608390852808952332e-02,4.586567357182502747e-02,4.566242918372154236e-02,4.561502486467361450e-02,4.594298824667930603e-02,4.693652316927909851e-02,4.894499853253364563e-02,5.236336216330528259e-02,5.761542171239852905e-02,6.513708829879760742e-02,7.535721361637115479e-02,8.867859095335006714e-02,1.054611578583717346e-01,1.260048598051071167e-01,1.505348384380340576e-01,1.791884899139404297e-01,2.120042890310287476e-01,2.489137053489685059e-01,2.897362411022186279e-01,3.341752886772155762e-01,3.818199038505554199e-01,4.321514666080474854e-01,4.845523536205291748e-01,5.383224487304687500e-01,5.926984548568725586e-01,6.468706130981445312e-01,6.999975442886352539e-01,7.512207031250000000e-01,7.996777296066284180e-01,8.445221781730651855e-01,8.849447369575500488e-01,9.201967716217041016e-01,9.496157765388488770e-01,9.726448059082031250e-01,9.888474941253662109e-01,9.979214072227478027e-01,9.997007250785827637e-01,9.941619038581848145e-01,9.814183712005615234e-01,9.617206454277038574e-01,9.354478716850280762e-01,9.030995368957519531e-01,8.652831912040710449e-01,8.226972818374633789e-01,7.761133909225463867e-01,7.263602018356323242e-01,6.743012070655822754e-01,6.208138465881347656e-01,5.667714476585388184e-01,5.130152106285095215e-01,4.603374898433685303e-01,4.094596803188323975e-01,3.610223233699798584e-01,3.155679702758789062e-01,2.735383510589599609e-01,2.352663874626159668e-01,2.009729892015457153e-01,1.707664728164672852e-01,1.446438431739807129e-01,1.224943399429321289e-01,1.041132137179374695e-01,8.921365439891815186e-02,7.744523137807846069e-02,6.840998679399490356e-02
1.000000000000000000e+00,9.963592290878295898e-01,9.854607582092285156e-01,9.675010442733764648e-01,9.428426027297973633e-01,9.119719862937927246e-01,8.754758238792419434e-01,8.340271711349487305e-01,7.883719801902770996e-01,7.393172383308410645e-01,6.877138018608093262e-01,6.344366073608398438e-01,5.803596973419189453e-01,5.263379812240600586e-01,4.731836616992950439e-01,4.216481745243072510e-01,3.724027276039123535e-01,3.260265886783599854e-01,2.829908430576324463e-01,2.436507791280746460e-01,2.082433700561523438e-01,1.768893748521804810e-01,1.496013700962066650e-01,1.262908130884170532e-01,1.067775860428810120e-01,9.079942852258682251e-02,7.802484929561614990e-02,6.807081401348114014e-02,6.052204221487045288e-02,5.494926124811172485e-02,5.092853307723999023e-02,4.805851727724075317e-02,4.597573354840278625e-02,4.436883330345153809e-02,4.299093782901763916e-02,4.167020693421363831e-02,4.031722620129585266e-02,3.892955183982849121e-02,3.759223967790603638e-02,3.647519275546073914e-02,3.582681715488433838e-02,3.596490249037742615e-02,3.726415708661079407e-02,4.014164581894874573e-02,4.503926262259483337e-02,5.240572988986968994e-02,6.267733126878738403e-02,7.625882327556610107e-02,9.350579977035522461e-02,1.147078946232795715e-01,1.400745660066604614e-01,1.697215735912322998e-01,2.036609202623367310e-01,2.417934983968734741e-01,2.839040756225585938e-01,3.296602666378021240e-01,3.786137998104095459e-01,4.302087426185607910e-01,4.837936162948608398e-01,5.386368036270141602e-01,5.939482450485229492e-01,6.488959789276123047e-01,7.026206851005554199e-01,7.542503476142883301e-01,8.029153347015380859e-01,8.477669358253479004e-01,8.880011439323425293e-01,9.228847026824951172e-01,9.517776966094970703e-01,9.741522073745727539e-01,9.896090030670166016e-01,9.978848695755004883e-01,9.988572597503662109e-01,9.925450086593627930e-01,9.791055917739868164e-01,9.588305354118347168e-01,9.321374893188476562e-01,8.995615839958190918e-01,8.617386221885681152e-01,8.193911910057067871e-01,7.733061313629150391e-01,7.243192195892333984e-01,6.732912659645080566e-01,6.210902929306030273e-01,5.685655474662780762e-01,5.165276527404785156e-01,4.657267034053802490e-01,4.168341755867004395e-01,3.704331219196319580e-01,3.270066082477569580e-01,2.869336009025573730e-01,2.504819333553314209e-01,2.178099304437637329e-01,1.889667212963104248e-01,1.638882905244827271e-01,1.424149870872497559e-01,1.242980659008026123e-01,1.092184036970138550e-01,9.680490940809249878e-02,8.665437251329421997e-02
1.000000000000000000e+00,9.963598251342773438e-01,9.854635000228881836e-01,9.675097465515136719e-01,9.428643584251403809e-01,9.120184183120727539e-01,8.755631446838378906e-01,8.341757655143737793e-01,7.886071205139160156e-01,7.396674752235412598e-01,6.882108449935913086e-01,6.351112723350524902e-01,5.812426805496215820e-01,5.274565815925598145e-01,4.745606184005737305e-01,4.233003258705139160e-01,3.743406832218170166e-01,3.282520473003387451e-01,2.854951024055480957e-01,2.464136034250259399e-01,2.112295031547546387e-01,1.800501048564910889e-01,1.528732627630233765e-01,1.295973360538482666e-01,1.100292056798934937e-01,9.389416873455047607e-02,8.085262775421142578e-02,7.051499933004379272e-02,6.246251985430717468e-02,5.626621469855308533e-02,5.150641128420829773e-02,4.778923466801643372e-02,4.476273059844970703e-02,4.213098436594009399e-02,3.966603800654411316e-02,3.721845895051956177e-02,3.472416475415229797e-02,3.220796957612037659e-02,2.978340908885002136e-02,2.764913439750671387e-02,2.608208730816841125e-02,2.542649209499359131e-02,2.608170174062252045e-02,2.848536148667335510e-02,3.309572860598564148e-02,4.037271440029144287e-02,5.075812339782714844e-02,6.465614587068557739e-02,8.241648972034454346e-02,1.043167263269424438e-01,1.305486261844635010e-01,1.612046211957931519e-01,1.962689161300659180e-01,2.356104999780654907e-01,2.789796590805053711e-01,3.260062932968139648e-01,3.762058317661285400e-01,4.289860129356384277e-01,4.836619496345520020e-01,5.394724607467651367e-01,5.956031680107116699e-01,6.512014269828796387e-01,7.053927183151245117e-01,7.572947144508361816e-01,8.060317039489746094e-01,8.507568240165710449e-01,8.906766176223754883e-01,9.250749945640563965e-01,9.533380270004272461e-01,9.749717712402343750e-01,9.896150231361389160e-01,9.970468282699584961e-01,9.971884489059448242e-01,9.901022315025329590e-01,9.759883880615234375e-01,9.551793932914733887e-01,9.281301498413085938e-01,8.954091072082519531e-01,8.576788306236267090e-01,8.156813383102416992e-01,7.702164053916931152e-01,7.221215367317199707e-01,6.722526550292968750e-01,6.214603781700134277e-01,5.705677270889282227e-01,5.203468203544616699e-01,4.715024828910827637e-01,4.246527254581451416e-01,3.803208172321319580e-01,3.389272689819335938e-01,3.007863461971282959e-01,2.661038637161254883e-01,2.349745184183120728e-01,2.073870599269866943e-01,1.832253783941268921e-01,1.622803658246994019e-01,1.442651748657226562e-01,1.288356631994247437e-01,1.156083196401596069e-01,1.041802614927291870e-01
1.000000000000000000e+00,9.963603019714355469e-01,9.854658246040344238e-01,9.675176739692687988e-01,9.428851604461669922e-01,9.120633602142333984e-01,8.756482005119323730e-01,8.343223333358764648e-01,7.888401150703430176e-01,7.400167584419250488e-01,6.887072324752807617e-01,6.357870101928710938e-01,5.821284055709838867e-01,5.285794138908386230e-01,4.759437143802642822e-01,4.249611496925354004e-01,3.762899637222290039e-01,3.304917514324188232e-01,2.880165576934814453e-01,2.491948902606964111e-01,2.142358571290969849e-01,1.832323968410491943e-01,1.561681181192398071e-01,1.329271793365478516e-01,1.133038327097892761e-01,9.701309353113174438e-02,8.370596915483474731e-02,7.298672199249267578e-02,6.443396955728530884e-02,5.762012675404548645e-02,5.212954059243202209e-02,4.757715389132499695e-02,4.362273588776588440e-02,3.998642042279243469e-02,3.645978122949600220e-02,3.291640803217887878e-02,2.931751124560832977e-02,2.571554109454154968e-02,2.225229702889919281e-02,1.915501244366168976e-02,1.672824099659919739e-02,1.534239947795867920e-02,1.541979890316724777e-02,1.741758733987808228e-02,2.180828712880611420e-02,2.906117029488086700e-02,3.962168842554092407e-02,5.389213189482688904e-02,7.221357524394989014e-02,9.485003352165222168e-02,1.219734251499176025e-01,1.536519229412078857e-01,1.898403167724609375e-01,2.303748130798339844e-01,2.749698758125305176e-01,3.232188820838928223e-01,3.746000230312347412e-01,4.284856319427490234e-01,4.841591119766235352e-01,5.408312678337097168e-01,5.976651906967163086e-01,6.537908315658569336e-01,7.083203196525573730e-01,7.603628039360046387e-01,8.090406060218811035e-01,8.535122275352478027e-01,8.929958939552307129e-01,9.267988204956054688e-01,9.543361663818359375e-01,9.751504063606262207e-01,9.889211654663085938e-01,9.954708218574523926e-01,9.947650432586669922e-01,9.869104027748107910e-01,9.721493721008300781e-01,9.508539438247680664e-01,9.235159754753112793e-01,8.907328248023986816e-01,8.531935214996337891e-01,8.116542100906372070e-01,7.669241428375244141e-01,7.198394536972045898e-01,6.712449789047241211e-01,6.219704747200012207e-01,5.728064179420471191e-01,5.244830846786499023e-01,4.776551127433776855e-01,4.328821301460266113e-01,3.906275331974029541e-01,3.512469232082366943e-01,3.149910867214202881e-01,2.820016741752624512e-01,2.523141503334045410e-01,2.258591204881668091e-01,2.024686336517333984e-01,1.818908900022506714e-01,1.638075709342956543e-01,1.478556245565414429e-01,1.336470693349838257e-01,1.207895129919052124e-01
1.000000000000000000e+00,9.963607192039489746e-01,9.854677319526672363e-01,9.675246477127075195e-01,9.429047703742980957e-01,9.121066927909851074e-01,8.757317066192626953e-01,8.344668149948120117e-01,7.890716195106506348e-01,7.403641939163208008e-01,6.892025470733642578e-01,6.364625692367553711e-01,5.830154418945312500e-01,5.297057032585144043e-01,4.773328006267547607e-01,4.266303181648254395e-01,3.782503008842468262e-01,3.327448964118957520e-01,2.905540466308593750e-01,2.519949674606323242e-01,2.172633707523345947e-01,1.864370554685592651e-01,1.594858765602111816e-01,1.362806260585784912e-01,1.166029646992683411e-01,1.001573801040649414e-01,8.658587187528610229e-02,7.548768818378448486e-02,6.643944978713989258e-02,5.901432782411575317e-02,5.280284956097602844e-02,4.742794111371040344e-02,4.256266728043556213e-02,3.794319555163383484e-02,3.338181599974632263e-02,2.877498976886272430e-02,2.411007881164550781e-02,1.946663856506347656e-02,1.501491107046604156e-02,1.101029757410287857e-02,7.784388028085231781e-03,5.732642021030187607e-03,5.299342796206474304e-03,6.959296762943267822e-03,1.119802985340356827e-02,1.849203556776046753e-02,2.928846888244152069e-02,4.398562759160995483e-02,6.291450560092926025e-02,8.632301539182662964e-02,1.143625676631927490e-01,1.470746994018554688e-01,1.843841075897216797e-01,2.260929346084594727e-01,2.718796133995056152e-01,3.213004767894744873e-01,3.737966716289520264e-01,4.287072420120239258e-01,4.852837622165679932e-01,5.427128076553344727e-01,6.001355648040771484e-01,6.566669940948486328e-01,7.114087939262390137e-01,7.634641528129577637e-01,8.119559884071350098e-01,8.560509681701660156e-01,8.949846029281616211e-01,9.280890822410583496e-01,9.548126459121704102e-01,9.747369885444641113e-01,9.875843524932861328e-01,9.932214617729187012e-01,9.916593432426452637e-01,9.830480813980102539e-01,9.676722884178161621e-01,9.459424018859863281e-01,9.183834195137023926e-01,8.856230378150939941e-01,8.483686447143554688e-01,8.073924183845520020e-01,7.635056376457214355e-01,7.175398468971252441e-01,6.703241467475891113e-01,6.226606369018554688e-01,5.753047466278076172e-01,5.289398431777954102e-01,4.841651022434234619e-01,4.414819478988647461e-01,4.012889564037322998e-01,3.638786375522613525e-01,3.294377028942108154e-01,2.980463802814483643e-01,2.696797549724578857e-01,2.442150563001632690e-01,2.214371860027313232e-01,2.010569721460342407e-01,1.827305108308792114e-01,1.660849153995513916e-01,1.507343053817749023e-01,1.363047212362289429e-01
1.000000000000000000e+00,9.963608980178833008e-01,9.854692220687866211e-01,9.675310850143432617e-01,9.429228901863098145e-01,9.121483564376831055e-01,8.758130073547363281e-01,8.346087932586669922e-01,7.893001437187194824e-01,7.407090067863464355e-01,6.896966695785522461e-01,6.371380686759948730e-01,5.839034318923950195e-01,5.308348536491394043e-01,4.787266254425048828e-01,4.283073246479034424e-01,3.802215456962585449e-01,3.350125849246978760e-01,2.931078970432281494e-01,2.548135817050933838e-01,2.203111201524734497e-01,1.896635890007019043e-01,1.628267765045166016e-01,1.396581977605819702e-01,1.199272647500038147e-01,1.033278852701187134e-01,8.949415385723114014e-02,7.802044600248336792e-02,6.848128139972686768e-02,6.045294180512428284e-02,5.353046953678131104e-02,4.734716191887855530e-02,4.158913716673851013e-02,3.600972890853881836e-02,3.044175542891025543e-02,2.480553835630416870e-02,1.911434717476367950e-02,1.347538456320762634e-02,8.086879737675189972e-03,3.231946844607591629e-03,-7.315409020520746708e-04,-3.383838804438710213e-03,-4.260206129401922226e-03,-2.869649091735482216e-03,1.284493249841034412e-03,8.684244006872177124e-03,1.977649331092834473e-02,3.495308384299278259e-02,5.453369393944740295e-02,7.874883711338043213e-02,1.077265515923500061e-01,1.414815187454223633e-01,1.799064576625823975e-01,2.227690219879150391e-01,2.697106897830963135e-01,3.202507197856903076e-01,3.737948536872863770e-01,4.296479821205139160e-01,4.870340228080749512e-01,5.451146960258483887e-01,6.030135154724121094e-01,6.598320007324218750e-01,7.146629691123962402e-01,7.666077613830566406e-01,8.147916793823242188e-01,8.583933115005493164e-01,8.966690897941589355e-01,9.289797544479370117e-01,9.548094868659973145e-01,9.737815260887145996e-01,9.856622815132141113e-01,9.903643727302551270e-01,9.879435300827026367e-01,9.785935282707214355e-01,9.626393318176269531e-01,9.405290484428405762e-01,9.128201007843017578e-01,8.801648616790771484e-01,8.432894349098205566e-01,8.029752969741821289e-01,7.600325345993041992e-01,7.152843475341796875e-01,6.695376038551330566e-01,6.235651969909667969e-01,5.780792236328125000e-01,5.337128043174743652e-01,4.910086989402770996e-01,4.504044651985168457e-01,4.122358560562133789e-01,3.767318129539489746e-01,3.440149724483489990e-01,3.141059279441833496e-01,2.869233489036560059e-01,2.622936367988586426e-01,2.399592250585556030e-01,2.196004390716552734e-01,2.008555382490158081e-01,1.833481043577194214e-01,1.667045801877975464e-01,1.505743265151977539e-01
1.000000000000000000e+00,9.963608980178833008e-01,9.854701757431030273e-01,9.675364494323730469e-01,9.429397583007812500e-01,9.121879935264587402e-01,8.758921027183532715e-01,8.347482085227966309e-01,7.895259857177734375e-01,7.410516738891601562e-01,6.901885271072387695e-01,6.378125548362731934e-01,5.847921371459960938e-01,5.319663882255554199e-01,4.801256358623504639e-01,4.299918413162231445e-01,3.822031319141387939e-01,3.372925519943237305e-01,2.956779897212982178e-01,2.576511204242706299e-01,2.233796417713165283e-01,1.929127722978591919e-01,1.661917120218276978e-01,1.430607587099075317e-01,1.232778131961822510e-01,1.065261662006378174e-01,9.243282675743103027e-02,8.058715611696243286e-02,7.056330144405364990e-02,6.193945556879043579e-02,5.431756004691123962e-02,4.734088107943534851e-02,4.070934653282165527e-02,3.419417887926101685e-02,2.764925360679626465e-02,2.101897634565830231e-02,1.434292271733283997e-02,7.755615282803773880e-03,1.483278698287904263e-03,-4.163982812315225601e-03,-8.802318014204502106e-03,-1.198918744921684265e-02,-1.324072107672691345e-02,-1.205129269510507584e-02,-7.914865389466285706e-03,-3.458618011791259050e-04,1.110048498958349228e-02,2.680837363004684448e-02,4.708328843116760254e-02,7.213690131902694702e-02,1.020732447504997253e-01,1.368776857852935791e-01,1.764104962348937988e-01,2.204034626483917236e-01,2.684614658355712891e-01,3.200669288635253906e-01,3.745898902416229248e-01,4.313039183616638184e-01,4.894049465656280518e-01,5.480341315269470215e-01,6.062973737716674805e-01,6.632868647575378418e-01,7.180880308151245117e-01,7.698023319244384766e-01,8.175615668296813965e-01,8.605594635009765625e-01,8.980765342712402344e-01,9.295047521591186523e-01,9.543687701225280762e-01,9.723340868949890137e-01,9.832130670547485352e-01,9.869645237922668457e-01,9.836890697479248047e-01,9.736229777336120605e-01,9.571318626403808594e-01,9.346985816955566406e-01,9.069100022315979004e-01,8.744421601295471191e-01,8.380359411239624023e-01,7.984762787818908691e-01,7.565716505050659180e-01,7.131279110908508301e-01,6.689288616180419922e-01,6.247100830078125000e-01,5.811383128166198730e-01,5.387915968894958496e-01,4.981529116630554199e-01,4.595971703529357910e-01,4.233953356742858887e-01,3.897125720977783203e-01,3.586104214191436768e-01,3.300518691539764404e-01,3.039018213748931885e-01,2.799406945705413818e-01,2.578739225864410400e-01,2.373572587966918945e-01,2.180208861827850342e-01,1.994916349649429321e-01,1.814157217741012573e-01,1.634721755981445312e-01
1.000000000000000000e+00,9.963608980178833008e-01,9.854707717895507812e-01,9.675411581993103027e-01,9.429552555084228516e-01,9.122259020805358887e-01,8.759683966636657715e-01,8.348848223686218262e-01,7.897490262985229492e-01,7.413914203643798828e-01,6.906782388687133789e-01,6.384857296943664551e-01,5.856810212135314941e-01,5.331004858016967773e-01,4.815289080142974854e-01,4.316837191581726074e-01,3.841945827007293701e-01,3.395862579345703125e-01,2.982643544673919678e-01,2.605076134204864502e-01,2.264692038297653198e-01,1.961844712495803833e-01,1.695802956819534302e-01,1.464886218309402466e-01,1.266551166772842407e-01,1.097538694739341736e-01,9.540384262800216675e-02,8.319079130887985229e-02,7.268823683261871338e-02,6.347820907831192017e-02,5.516903102397918701e-02,4.741496965289115906e-02,3.993039578199386597e-02,3.250486403703689575e-02,2.501383982598781586e-02,1.742618158459663391e-02,9.807838127017021179e-03,2.320744562894105911e-03,-4.781501833349466324e-03,-1.116176974028348923e-02,-1.641174592077732086e-02,-2.006679028272628784e-02,-2.162540517747402191e-02,-2.056907303631305695e-02,-1.638417132198810577e-02,-8.583462797105312347e-03,3.274221904575824738e-03,1.956281252205371857e-02,4.057298228144645691e-02,6.649529933929443359e-02,9.740778058767318726e-02,1.332662552595138550e-01,1.738967150449752808e-01,2.189951688051223755e-01,2.681288421154022217e-01,3.207438588142395020e-01,3.761759102344512939e-01,4.336683154106140137e-01,4.923906624317169189e-01,5.514651536941528320e-01,6.099850535392761230e-01,6.670312881469726562e-01,7.216871976852416992e-01,7.730558514595031738e-01,8.202791810035705566e-01,8.625682592391967773e-01,8.992322683334350586e-01,9.296984076499938965e-01,9.535320997238159180e-01,9.704443812370300293e-01,9.802943468093872070e-01,9.830864667892456055e-01,9.789665937423706055e-01,9.682130217552185059e-01,9.512292146682739258e-01,9.285315275192260742e-01,9.007351398468017578e-01,8.685348629951477051e-01,8.326830863952636719e-01,7.939661145210266113e-01,7.531825304031372070e-01,7.111209034919738770e-01,6.685334444046020508e-01,6.261156201362609863e-01,5.844836235046386719e-01,5.441589951515197754e-01,5.055614113807678223e-01,4.690030217170715332e-01,4.346905648708343506e-01,4.027259349822998047e-01,3.731131255626678467e-01,3.457587957382202148e-01,3.204784393310546875e-01,2.970114946365356445e-01,2.750323116779327393e-01,2.541804015636444092e-01,2.340835630893707275e-01,2.143822014331817627e-01,1.947483122348785400e-01,1.748956590890884399e-01
1.000000000000000000e+00,9.963608384132385254e-01,9.854708909988403320e-01,9.675446748733520508e-01,9.429692625999450684e-01,9.122619032859802246e-01,8.760427236557006836e-01,8.350183963775634766e-01,7.899687886238098145e-01,7.417282462120056152e-01,6.911655664443969727e-01,6.391577720642089844e-01,5.865703225135803223e-01,5.342361927032470703e-01,4.829361736774444580e-01,4.333827793598175049e-01,3.861967325210571289e-01,3.418934345245361328e-01,3.008669912815093994e-01,2.633830904960632324e-01,2.295802384614944458e-01,1.994792670011520386e-01,1.729938387870788574e-01,1.499430537223815918e-01,1.300612688064575195e-01,1.130122095346450806e-01,9.840890765190124512e-02,8.583347499370574951e-02,7.485977560281753540e-02,6.507325172424316406e-02,5.609000101685523987e-02,4.757562652230262756e-02,3.925947844982147217e-02,3.095029108226299286e-02,2.254522591829299927e-02,1.403808034956455231e-02,5.521202459931373596e-03,-2.816153690218925476e-03,-1.069316640496253967e-02,-1.774666644632816315e-02,-2.354438044130802155e-02,-2.760113216936588287e-02,-2.939895913004875183e-02,-2.840821072459220886e-02,-2.410964109003543854e-02,-1.601574756205081940e-02,-3.691444406285881996e-03,1.322601176798343658e-02,3.500970080494880676e-02,6.182848289608955383e-02,9.373304247856140137e-02,1.306476294994354248e-01,1.723636090755462646e-01,2.185398042201995850e-01,2.687068283557891846e-01,3.222739398479461670e-01,3.785443305969238281e-01,4.367316961288452148e-01,4.959833323955535889e-01,5.554026961326599121e-01,6.140713691711425781e-01,6.710641384124755859e-01,7.254636287689208984e-01,7.763755917549133301e-01,8.229566812515258789e-01,8.644391894340515137e-01,9.001631736755371094e-01,9.295942187309265137e-01,9.523413777351379395e-01,9.681617617607116699e-01,9.769622087478637695e-01,9.787934422492980957e-01,9.738448858261108398e-01,9.624361991882324219e-01,9.450070858001708984e-01,9.221062064170837402e-01,8.943730592727661133e-01,8.625184893608093262e-01,8.273022174835205078e-01,7.895079255104064941e-01,7.499209642410278320e-01,7.093056440353393555e-01,6.683803200721740723e-01,6.277942657470703125e-01,5.881104469299316406e-01,5.497906804084777832e-01,5.131914019584655762e-01,4.785603880882263184e-01,4.460415542125701904e-01,4.156768023967742920e-01,3.874132931232452393e-01,3.611056804656982422e-01,3.365238308906555176e-01,3.133704662322998047e-01,2.912980616092681885e-01,2.699364721775054932e-01,2.489194869995117188e-01,2.279084026813507080e-01,2.066055536270141602e-01,1.847670823335647583e-01
1.000000000000000000e+00,9.963603615760803223e-01,9.854707717895507812e-01,9.675475358963012695e-01,9.429822564125061035e-01,9.122959375381469727e-01,8.761141896247863770e-01,8.351490497589111328e-01,7.901850938796997070e-01,7.420620322227478027e-01,6.916497349739074707e-01,6.398277878761291504e-01,5.874589085578918457e-01,5.353735685348510742e-01,4.843483865261077881e-01,4.350888133049011230e-01,3.882091343402862549e-01,3.442139625549316406e-01,3.034858405590057373e-01,2.662775516510009766e-01,2.327127158641815186e-01,2.027973532676696777e-01,1.764331758022308350e-01,1.534251421689987183e-01,1.334968656301498413e-01,1.163029298186302185e-01,1.014504581689834595e-01,8.851840347051620483e-02,7.708140462636947632e-02,6.672897189855575562e-02,5.708569288253784180e-02,4.782886058092117310e-02,3.870390355587005615e-02,2.953841537237167358e-02,2.025265991687774658e-02,1.086494233459234238e-02,1.494362833909690380e-03,-7.642678916454315186e-03,-1.623864285647869110e-02,-2.390490099787712097e-02,-3.018613345921039581e-02,-3.457782790064811707e-02,-3.654734790325164795e-02,-3.555552288889884949e-02,-3.107893280684947968e-02,-2.263213694095611572e-02,-9.787332266569137573e-03,7.804871071130037308e-03,3.039906360208988190e-02,5.813975259661674500e-02,9.104952961206436157e-02,1.290198564529418945e-01,1.718062460422515869e-01,2.190306782722473145e-01,2.701864242553710938e-01,3.246478736400604248e-01,3.816851377487182617e-01,4.404848515987396240e-01,5.001729130744934082e-01,5.598377585411071777e-01,6.185510754585266113e-01,6.753836274147033691e-01,7.294174432754516602e-01,7.797678112983703613e-01,8.256056308746337891e-01,8.661902546882629395e-01,9.008941054344177246e-01,9.292246699333190918e-01,9.508366584777832031e-01,9.655344486236572266e-01,9.732719063758850098e-01,9.741464257240295410e-01,9.683903455734252930e-01,9.563630223274230957e-01,9.385391473770141602e-01,9.154965281486511230e-01,8.878961801528930664e-01,8.564630150794982910e-01,8.219584226608276367e-01,7.851595878601074219e-01,7.468351721763610840e-01,7.077189683914184570e-01,6.684910655021667480e-01,6.297520995140075684e-01,5.920073986053466797e-01,5.556579232215881348e-01,5.209960937500000000e-01,4.882059395313262939e-01,4.573698639869689941e-01,4.284718632698059082e-01,4.014057517051696777e-01,3.759771883487701416e-01,3.519163429737091064e-01,3.288954496383666992e-01,3.065505027770996094e-01,2.845107913017272949e-01,2.624243497848510742e-01,2.399784475564956665e-01,2.169137001037597656e-01,1.930307596921920776e-01
1.000000000000000000e+00,9.963598847389221191e-01,9.854701161384582520e-01,9.675495624542236328e-01,9.429936408996582031e-01,9.123280048370361328e-01,8.761829733848571777e-01,8.352763056755065918e-01,7.903979420661926270e-01,7.423915266990661621e-01,6.921311616897583008e-01,6.404957771301269531e-01,5.883468389511108398e-01,5.365125536918640137e-01,4.857645332813262939e-01,4.368022084236145020e-01,3.902318477630615234e-01,3.465485274791717529e-01,3.061223030090332031e-01,2.691917419433593750e-01,2.358671575784683228e-01,2.061404138803482056e-01,1.798985004425048828e-01,1.569355279207229614e-01,1.369631439447402954e-01,1.196280345320701599e-01,1.045308858156204224e-01,9.124840795993804932e-02,7.935650646686553955e-02,6.844968348741531372e-02,5.816115811467170715e-02,4.818090051412582397e-02,3.827055916190147400e-02,2.827766910195350647e-02,1.814528554677963257e-02,7.917074486613273621e-03,-2.261387882754206657e-03,-1.214679330587387085e-02,-2.140513993799686432e-02,-2.962317876517772675e-02,-3.632349893450737000e-02,-4.098377376794815063e-02,-4.305798932909965515e-02,-4.199925065040588379e-02,-3.728180751204490662e-02,-2.842359989881515503e-02,-1.500629540532827377e-02,3.304528072476387024e-03,2.674336545169353485e-02,5.542943626642227173e-02,8.935531973838806152e-02,1.283785402774810791e-01,1.722184121608734131e-01,2.204593271017074585e-01,2.725577354431152344e-01,3.278530836105346680e-01,3.855851292610168457e-01,4.449148476123809814e-01,5.049481987953186035e-01,5.647608041763305664e-01,6.234173774719238281e-01,6.799849271774291992e-01,7.335500121116638184e-01,7.832373380661010742e-01,8.282374739646911621e-01,8.678381443023681641e-01,9.014493823051452637e-01,9.286218881607055664e-01,9.490570425987243652e-01,9.626082777976989746e-01,9.692765474319458008e-01,9.692045450210571289e-01,9.626666903495788574e-01,9.500607848167419434e-01,9.318947196006774902e-01,9.087727069854736328e-01,8.813743591308593750e-01,8.504334092140197754e-01,8.167114257812500000e-01,7.809735536575317383e-01,7.439654469490051270e-01,7.063894867897033691e-01,6.688805818557739258e-01,6.319876313209533691e-01,5.961570739746093750e-01,5.617257356643676758e-01,5.289237499237060547e-01,4.978724718093872070e-01,4.685947597026824951e-01,4.410195052623748779e-01,4.149889349937438965e-01,3.902654647827148438e-01,3.665437996387481689e-01,3.434734940528869629e-01,3.206812441349029541e-01,2.978043258190155029e-01,2.745106518268585205e-01,2.505214810371398926e-01,2.256186455488204956e-01,1.996525228023529053e-01
1.000000000000000000e+00,9.963594079017639160e-01,9.854688644409179688e-01,9.675508141517639160e-01,9.430037140846252441e-01,9.123580455780029297e-01,8.762490749359130859e-01,8.354002237319946289e-01,7.906071543693542480e-01,7.427179813385009766e-01,6.926097273826599121e-01,6.411617398262023926e-01,5.892349481582641602e-01,5.376533269882202148e-01,4.871850013732910156e-01,4.385225772857666016e-01,3.922645449638366699e-01,3.488964438438415527e-01,3.087754547595977783e-01,2.721259295940399170e-01,2.390439957380294800e-01,2.095079869031906128e-01,1.833912134170532227e-01,1.604751795530319214e-01,1.404619663953781128e-01,1.229891851544380188e-01,1.076523214578628540e-01,9.402623027563095093e-02,8.168857544660568237e-02,7.023943215608596802e-02,5.932163074612617493e-02,4.863773286342620850e-02,3.796658292412757874e-02,2.717590332031250000e-02,1.623208262026309967e-02,5.204300396144390106e-03,-5.735410843044519424e-03,-1.631706953048706055e-02,-2.618075162172317505e-02,-3.488924354314804077e-02,-4.194430634379386902e-02,-4.680698364973068237e-02,-4.891971871256828308e-02,-4.772906377911567688e-02,-4.270924627780914307e-02,-3.338290750980377197e-02,-1.934300549328327179e-02,-2.715364389587193727e-04,2.404401078820228577e-02,5.369612202048301697e-02,8.864624798297882080e-02,1.287173032760620117e-01,1.735911518335342407e-01,2.228145301342010498e-01,2.758076786994934082e-01,3.318763375282287598e-01,3.902304768562316895e-01,4.500072300434112549e-01,5.102959871292114258e-01,5.701609849929809570e-01,6.286607980728149414e-01,6.848632097244262695e-01,7.378588914871215820e-01,7.867869138717651367e-01,8.308598995208740234e-01,8.693981170654296875e-01,9.018512368202209473e-01,9.278153181076049805e-01,9.470400214195251465e-01,9.594278335571289062e-01,9.650267362594604492e-01,9.640237689018249512e-01,9.567350745201110840e-01,9.435934424400329590e-01,9.251394271850585938e-01,9.019999504089355469e-01,8.748705387115478516e-01,8.444902300834655762e-01,8.116147518157958984e-01,7.769942283630371094e-01,7.413476109504699707e-01,7.053390741348266602e-01,6.695569753646850586e-01,6.344940066337585449e-01,6.005357503890991211e-01,5.679559707641601562e-01,5.369216799736022949e-01,5.074930191040039062e-01,4.796368777751922607e-01,4.532290101051330566e-01,4.280653595924377441e-01,4.038681387901306152e-01,3.803038001060485840e-01,3.570044338703155518e-01,3.335977196693420410e-01,3.097337782382965088e-01,2.851096689701080322e-01,2.594841122627258301e-01,2.326854318380355835e-01,2.046181708574295044e-01
1.000000000000000000e+00,9.963586926460266113e-01,9.854676723480224609e-01,9.675510525703430176e-01,9.430124163627624512e-01,9.123861193656921387e-01,8.763127923011779785e-01,8.355210423469543457e-01,7.908127903938293457e-01,7.430406808853149414e-01,6.930851936340332031e-01,6.418258547782897949e-01,5.901220440864562988e-01,5.387957692146301270e-01,4.886097609996795654e-01,4.402507543563842773e-01,3.943091630935668945e-01,3.512587845325469971e-01,3.114458620548248291e-01,2.750801444053649902e-01,2.422438859939575195e-01,2.129006385803222656e-01,1.869112849235534668e-01,1.640454381704330444e-01,1.439943015575408936e-01,1.263881474733352661e-01,1.108171269297599792e-01,9.685484319925308228e-02,8.408135920763015747e-02,7.210292667150497437e-02,6.057228520512580872e-02,4.920546710491180420e-02,3.779870644211769104e-02,2.624081261456012726e-02,1.452175341546535492e-02,2.736104186624288559e-03,-8.917571976780891418e-03,-2.014273032546043396e-02,-3.055423498153686523e-02,-3.969169780611991882e-02,-4.703723639249801636e-02,-5.203671008348464966e-02,-5.412233248353004456e-02,-5.273636057972908020e-02,-4.735376685857772827e-02,-3.750449046492576599e-02,-2.279383502900600433e-02,-2.922154963016510010e-03,2.229975722730159760e-02,5.293649807572364807e-02,8.891690522432327271e-02,1.300276517868041992e-01,1.759132891893386841e-01,2.260836213827133179e-01,2.799217998981475830e-01,3.367015421390533447e-01,3.956046700477600098e-01,4.557467401027679443e-01,5.162018537521362305e-01,5.760251283645629883e-01,6.342717409133911133e-01,6.900106668472290039e-01,7.423416376113891602e-01,7.904189229011535645e-01,8.334817886352539062e-01,8.708848357200622559e-01,9.021209478378295898e-01,9.268337488174438477e-01,9.448217153549194336e-01,9.560357332229614258e-01,9.605709314346313477e-01,9.586580991744995117e-01,9.506519436836242676e-01,9.370213150978088379e-01,9.183343052864074707e-01,8.952392339706420898e-01,8.684435486793518066e-01,8.386864662170410156e-01,8.067158460617065430e-01,7.732603549957275391e-01,7.390087246894836426e-01,7.045832872390747070e-01,6.705212593078613281e-01,6.372574567794799805e-01,6.051149368286132812e-01,5.743056535720825195e-01,5.449328422546386719e-01,5.169998407363891602e-01,4.904174804687500000e-01,4.650150835514068604e-01,4.405435323715209961e-01,4.166921079158782959e-01,3.931030035018920898e-01,3.694004416465759277e-01,3.452193737030029297e-01,3.202317655086517334e-01,2.941680550575256348e-01,2.668306529521942139e-01,2.380973845720291138e-01,2.079312503337860107e-01
1.000000000000000000e+00,9.963579773902893066e-01,9.854655861854553223e-01,9.675505757331848145e-01,9.430198669433593750e-01,9.124122858047485352e-01,8.763735890388488770e-01,8.356387019157409668e-01,7.910145521163940430e-01,7.433602213859558105e-01,6.935573816299438477e-01,6.424875259399414062e-01,5.910092592239379883e-01,5.399397611618041992e-01,4.900385141372680664e-01,4.419862031936645508e-01,3.963642716407775879e-01,3.536358773708343506e-01,3.141337931156158447e-01,2.780551910400390625e-01,2.454667687416076660e-01,2.163192033767700195e-01,1.904599964618682861e-01,1.676474362611770630e-01,1.475622951984405518e-01,1.298269182443618774e-01,1.140276119112968445e-01,9.973733872175216675e-02,8.653851598501205444e-02,7.404448091983795166e-02,6.191803514957427979e-02,4.988963529467582703e-02,3.777370974421501160e-02,2.547991462051868439e-02,1.302247121930122375e-02,5.214291159063577652e-04,-1.179809961467981339e-02,-2.361356467008590698e-02,-3.451507166028022766e-02,-4.402001574635505676e-02,-5.159210041165351868e-02,-5.666328966617584229e-02,-5.865735188126564026e-02,-5.701356008648872375e-02,-5.120984464883804321e-02,-4.078433290123939514e-02,-2.535714022815227509e-02,-4.647806286811828613e-03,2.150807715952396393e-02,5.314499884843826294e-02,9.015849977731704712e-02,1.322989761829376221e-01,1.791724115610122681e-01,2.302507311105728149e-01,2.848829329013824463e-01,3.423107266426086426e-01,4.016896486282348633e-01,4.621153175830841064e-01,5.226489305496215820e-01,5.823381543159484863e-01,6.402376890182495117e-01,6.954194307327270508e-01,7.469932436943054199e-01,7.941333651542663574e-01,8.361082077026367188e-01,8.723108172416687012e-01,9.022783637046813965e-01,9.257036447525024414e-01,9.424349069595336914e-01,9.524713754653930664e-01,9.559547305107116699e-01,9.531569480895996094e-01,9.444714188575744629e-01,9.304000139236450195e-01,9.115365147590637207e-01,8.885465860366821289e-01,8.621454834938049316e-01,8.330702185630798340e-01,8.020548224449157715e-01,7.698036432266235352e-01,7.369696497917175293e-01,7.041302323341369629e-01,6.717681288719177246e-01,6.402585506439208984e-01,6.098623871803283691e-01,5.807274580001831055e-01,5.528988242149353027e-01,5.263229608535766602e-01,5.008603334426879883e-01,4.762937724590301514e-01,4.523369669914245605e-01,4.286488294601440430e-01,4.048567414283752441e-01,3.805847764015197754e-01,3.554799258708953857e-01,3.292446434497833252e-01,3.016487360000610352e-01,2.725422084331512451e-01,2.418555021286010742e-01,2.096127569675445557e-01
1.000000000000000000e+00,9.963572025299072266e-01,9.854634404182434082e-01,9.675496220588684082e-01,9.430259466171264648e-01,9.124366044998168945e-01,8.764318823814392090e-01,8.357529044151306152e-01,7.912132143974304199e-01,7.436759471893310547e-01,6.940268874168395996e-01,6.431479454040527344e-01,5.918956398963928223e-01,5.410860776901245117e-01,4.914728105068206787e-01,4.437301456928253174e-01,3.984303176403045654e-01,3.560275137424468994e-01,3.168402612209320068e-01,2.810511291027069092e-01,2.487134635448455811e-01,2.197645008563995361e-01,1.940385401248931885e-01,1.712819933891296387e-01,1.511664390563964844e-01,1.333072036504745483e-01,1.172860190272331238e-01,1.026762798428535461e-01,8.906348049640655518e-02,7.606807351112365723e-02,6.336372345685958862e-02,5.069616064429283142e-02,3.789785131812095642e-02,2.490043267607688904e-02,1.174213178455829620e-02,-1.431096694432199001e-03,-1.436787657439708710e-02,-2.672006748616695404e-02,-3.805354982614517212e-02,-4.786458238959312439e-02,-5.559956654906272888e-02,-6.067819893360137939e-02,-6.251720339059829712e-02,-6.055471673607826233e-02,-5.427277460694313049e-02,-4.322002455592155457e-02,-2.703210897743701935e-02,-5.450154189020395279e-03,2.166415564715862274e-02,5.431475490331649780e-02,9.236200898885726929e-02,1.355184614658355713e-01,1.833527088165283203e-01,2.352994084358215332e-01,2.906728088855743408e-01,3.486840426921844482e-01,4.084652364253997803e-01,4.690934419631958008e-01,5.296189188957214355e-01,5.890848636627197266e-01,6.465454101562500000e-01,7.010784745216369629e-01,7.518074512481689453e-01,7.979295253753662109e-01,8.387440443038940430e-01,8.736869096755981445e-01,9.023412466049194336e-01,9.244498014450073242e-01,9.399114847183227539e-01,9.487727880477905273e-01,9.512203335762023926e-01,9.475671052932739258e-01,9.382440447807312012e-01,9.237815141677856445e-01,9.047970175743103027e-01,8.819714784622192383e-01,8.560228943824768066e-01,8.276830315589904785e-01,7.976661324501037598e-01,7.666492462158203125e-01,7.352447509765625000e-01,7.039817571640014648e-01,6.732864975929260254e-01,6.434731483459472656e-01,6.147399544715881348e-01,5.871734023094177246e-01,5.607606172561645508e-01,5.353951454162597656e-01,5.108905434608459473e-01,4.869860708713531494e-01,4.633635282516479492e-01,4.396594762802124023e-01,4.154914915561676025e-01,3.904903531074523926e-01,3.643254935741424561e-01,3.367339968681335449e-01,3.075298666954040527e-01,2.766134738922119141e-01,2.439739406108856201e-01,2.096984535455703735e-01
1.000000000000000000e+00,9.963560104370117188e-01,9.854607582092285156e-01,9.675477147102355957e-01,9.430308341979980469e-01,9.124588966369628906e-01,8.764878511428833008e-01,8.358641266822814941e-01,7.914084792137145996e-01,7.439885735511779785e-01,6.944936513900756836e-01,6.438063383102416992e-01,5.927825570106506348e-01,5.422343611717224121e-01,4.929119348526000977e-01,4.454819858074188232e-01,4.005089402198791504e-01,3.584343194961547852e-01,3.195647001266479492e-01,2.840688526630401611e-01,2.519851624965667725e-01,2.232366949319839478e-01,1.976468712091445923e-01,1.749502867460250854e-01,1.548088043928146362e-01,1.368307024240493774e-01,1.205950230360031128e-01,1.056748926639556885e-01,9.165968000888824463e-02,7.817777991294860840e-02,6.491424143314361572e-02,5.163028463721275330e-02,3.817733377218246460e-02,2.450907975435256958e-02,1.068821549415588379e-02,-3.113415790721774101e-03,-1.661844365298748016e-02,-2.945335768163204193e-02,-4.116076976060867310e-02,-5.121659487485885620e-02,-5.905145034193992615e-02,-6.407403200864791870e-02,-6.569583714008331299e-02,-6.335507333278656006e-02,-5.653981491923332214e-02,-4.481057450175285339e-02,-2.782035060226917267e-02,-5.333028733730316162e-03,2.276170253753662109e-02,5.643627792596817017e-02,9.551499038934707642e-02,1.396722048521041870e-01,1.884380429983139038e-01,2.412102967500686646e-01,2.972702980041503906e-01,3.558005392551422119e-01,4.159099757671356201e-01,4.766599535942077637e-01,5.370922684669494629e-01,5.962466001510620117e-01,6.531789302825927734e-01,7.069757580757141113e-01,7.567766308784484863e-01,8.018031120300292969e-01,8.413923382759094238e-01,8.750221133232116699e-01,9.023254513740539551e-01,9.230951666831970215e-01,9.372799396514892578e-01,9.449740052223205566e-01,9.464073181152343750e-01,9.419329762458801270e-01,9.320146441459655762e-01,9.172127246856689453e-01,8.981637358665466309e-01,8.755593299865722656e-01,8.501183986663818359e-01,8.225600123405456543e-01,7.935780286788940430e-01,7.638146877288818359e-01,7.338410615921020508e-01,7.041335105895996094e-01,6.750593781471252441e-01,6.468713879585266113e-01,6.197061538696289062e-01,5.935909152030944824e-01,5.684564113616943359e-01,5.441480278968811035e-01,5.204337835311889648e-01,4.970166385173797607e-01,4.735490679740905762e-01,4.496517777442932129e-01,4.249418079853057861e-01,3.990627229213714600e-01,3.717148303985595703e-01,3.426735103130340576e-01,3.118024170398712158e-01,2.790556550025939941e-01,2.444837391376495361e-01,2.082411944866180420e-01
1.000000000000000000e+00,9.963552951812744141e-01,9.854580760002136230e-01,9.675450921058654785e-01,9.430345892906188965e-01,9.124795198440551758e-01,8.765411972999572754e-01,8.359726071357727051e-01,7.916002273559570312e-01,7.442978620529174805e-01,6.949577927589416504e-01,6.444634199142456055e-01,5.936694741249084473e-01,5.433857440948486328e-01,4.943564236164093018e-01,4.472430944442749023e-01,4.025996327400207520e-01,3.608572781085968018e-01,3.223084509372711182e-01,2.871078848838806152e-01,2.552809715270996094e-01,2.267372161149978638e-01,2.012867033481597900e-01,1.786533445119857788e-01,1.584903895854949951e-01,1.403996944427490234e-01,1.239567622542381287e-01,1.087356358766555786e-01,9.433038532733917236e-02,8.037748187780380249e-02,6.657408922910690308e-02,5.269718915224075317e-02,3.861790895462036133e-02,2.431233413517475128e-02,9.867827408015727997e-03,-4.517902620136737823e-03,-1.854173094034194946e-02,-3.180519491434097290e-02,-4.382846131920814514e-02,-5.406821519136428833e-02,-6.194047629833221436e-02,-6.684456765651702881e-02,-6.818813085556030273e-02,-6.541113555431365967e-02,-5.800922587513923645e-02,-4.555650427937507629e-02,-2.772470191121101379e-02,-4.302156623452901840e-03,2.479307167232036591e-02,5.949909612536430359e-02,9.960398077964782715e-02,1.447433531284332275e-01,1.944087445735931396e-01,2.479624003171920776e-01,3.046533167362213135e-01,3.636366128921508789e-01,4.239999651908874512e-01,4.847920536994934082e-01,5.450471639633178711e-01,6.038038134574890137e-01,6.601215004920959473e-01,7.130976319313049316e-01,7.618899941444396973e-01,8.057502508163452148e-01,8.440534472465515137e-01,8.763241767883300781e-01,9.022451639175415039e-01,9.216601252555847168e-01,9.345672726631164551e-01,9.411071538925170898e-01,9.415521025657653809e-01,9.362934231758117676e-01,9.258262515068054199e-01,9.107366204261779785e-01,8.916783332824707031e-01,8.693500757217407227e-01,8.444660305976867676e-01,8.177306056022644043e-01,7.898104786872863770e-01,7.613123059272766113e-01,7.327592968940734863e-01,7.045738101005554199e-01,6.770638823509216309e-01,6.504194736480712891e-01,6.247167587280273438e-01,5.999262332916259766e-01,5.759261846542358398e-01,5.525149106979370117e-01,5.294204354286193848e-01,5.063131451606750488e-01,4.828228354454040527e-01,4.585614502429962158e-01,4.331513047218322754e-01,4.062583446502685547e-01,3.776177763938903809e-01,3.470503091812133789e-01,3.144707977771759033e-01,2.798921763896942139e-01,2.434287965297698975e-01,2.053061425685882568e-01
1.000000000000000000e+00,9.963541030883789062e-01,9.854548573493957520e-01,9.675417542457580566e-01,9.430373907089233398e-01,9.124984145164489746e-01,8.765921592712402344e-01,8.360780477523803711e-01,7.917888164520263672e-01,7.446041107177734375e-01,6.954195499420166016e-01,6.451191306114196777e-01,5.945571660995483398e-01,5.445398688316345215e-01,4.958069920539855957e-01,4.490128755569458008e-01,4.047027826309204102e-01,3.632951974868774414e-01,3.250708878040313721e-01,2.901698648929595947e-01,2.586025595664978027e-01,2.302660197019577026e-01,2.049583494663238525e-01,1.823924332857131958e-01,1.622132211923599243e-01,1.440155953168869019e-01,1.273733228445053101e-01,1.118614152073860168e-01,9.707894176244735718e-02,8.267091214656829834e-02,6.834755092859268188e-02,5.390190333127975464e-02,3.922508284449577332e-02,2.431629225611686707e-02,9.287565015256404877e-03,-5.637605208903551102e-03,-2.013038843870162964e-02,-3.376817703247070312e-02,-4.604928940534591675e-02,-5.641243234276771545e-02,-6.426037847995758057e-02,-6.898457556962966919e-02,-6.999023258686065674e-02,-6.672066450119018555e-02,-5.868070945143699646e-02,-4.545939713716506958e-02,-2.674931101500988007e-02,-2.364025218412280083e-03,2.774789556860923767e-02,6.349068135023117065e-02,1.046135723590850830e-01,1.507136672735214233e-01,2.012444287538528442e-01,2.555330097675323486e-01,3.127970993518829346e-01,3.721667528152465820e-01,4.327106475830078125e-01,4.934653937816619873e-01,5.534604787826538086e-01,6.117348074913024902e-01,6.673540472984313965e-01,7.194278240203857422e-01,7.671368718147277832e-01,8.097644448280334473e-01,8.467279076576232910e-01,8.775993585586547852e-01,9.021127820014953613e-01,9.201635718345642090e-01,9.317976236343383789e-01,9.372014403343200684e-01,9.366880655288696289e-01,9.306844472885131836e-01,9.197160005569458008e-01,9.043912887573242188e-01,8.853779435157775879e-01,8.633772134780883789e-01,8.390954732894897461e-01,8.132173418998718262e-01,7.863790392875671387e-01,7.591466903686523438e-01,7.319940924644470215e-01,7.052867412567138672e-01,6.792720556259155273e-01,6.540792584419250488e-01,6.297245025634765625e-01,6.061236858367919922e-01,5.831073522567749023e-01,5.604293346405029297e-01,5.377817749977111816e-01,5.148076415061950684e-01,4.911209344863891602e-01,4.663306772708892822e-01,4.400734901428222656e-01,4.120430946350097656e-01,3.820165097713470459e-01,3.498626947402954102e-01,3.155528903007507324e-01,2.791606187820434570e-01,2.408674806356430054e-01,2.009717077016830444e-01
1.000000000000000000e+00,9.963529706001281738e-01,9.854514598846435547e-01,9.675381183624267578e-01,9.430389404296875000e-01,9.125158190727233887e-01,8.766413331031799316e-01,8.361808657646179199e-01,7.919745445251464844e-01,7.449075579643249512e-01,6.958793401718139648e-01,6.457743048667907715e-01,5.954458117485046387e-01,5.456973314285278320e-01,4.972638487815856934e-01,4.507926702499389648e-01,4.068190455436706543e-01,3.657504916191101074e-01,3.278535604476928711e-01,2.932544648647308350e-01,2.619497776031494141e-01,2.338237464427947998e-01,2.086626887321472168e-01,1.861690729856491089e-01,1.659779399633407593e-01,1.476801484823226929e-01,1.308468580245971680e-01,1.150544732809066772e-01,9.990811347961425781e-02,8.506168425083160400e-02,7.023852318525314331e-02,5.524890124797821045e-02,4.000407084822654724e-02,2.452664636075496674e-02,8.953569456934928894e-03,-6.465896498411893845e-03,-2.137762121856212616e-02,-3.533542901277542114e-02,-4.781662672758102417e-02,-5.824320763349533081e-02,-6.600597500801086426e-02,-7.048994302749633789e-02,-7.109950482845306396e-02,-6.728275865316390991e-02,-5.855551734566688538e-02,-4.452319815754890442e-02,-2.490032278001308441e-02,4.725442850030958652e-04,3.161541372537612915e-02,6.839616596698760986e-02,1.105261594057083130e-01,1.575629413127899170e-01,2.089224308729171753e-01,2.638975679874420166e-01,3.216763734817504883e-01,3.813648819923400879e-01,4.420147538185119629e-01,5.026538372039794922e-01,5.623071789741516113e-01,6.200168132781982422e-01,6.748561859130859375e-01,7.259499430656433105e-01,7.725043296813964844e-01,8.138382434844970703e-01,8.494136333465576172e-01,8.788520097732543945e-01,9.019393920898437500e-01,9.186216592788696289e-01,9.289925694465637207e-01,9.332828521728515625e-01,9.318445324897766113e-01,9.251383543014526367e-01,9.137179255485534668e-01,8.982104063034057617e-01,8.792942166328430176e-01,8.576697111129760742e-01,8.340299725532531738e-01,8.090366721153259277e-01,7.832916975021362305e-01,7.573168873786926270e-01,7.315341830253601074e-01,7.062503099441528320e-01,6.816518902778625488e-01,6.578082442283630371e-01,6.346787214279174805e-01,6.121273040771484375e-01,5.899385213851928711e-01,5.678268074989318848e-01,5.454528927803039551e-01,5.224385261535644531e-01,4.983862340450286865e-01,4.729115366935729980e-01,4.456705451011657715e-01,4.163939654827117920e-01,3.849032819271087646e-01,3.511213958263397217e-01,3.150775432586669922e-01,2.769100964069366455e-01,2.368699610233306885e-01,1.953294724225997925e-01
1.000000000000000000e+00,9.963516592979431152e-01,9.854477047920227051e-01,9.675338268280029297e-01,9.430396556854248047e-01,9.125315546989440918e-01,8.766880035400390625e-01,8.362811803817749023e-01,7.921576499938964844e-01,7.452089190483093262e-01,6.963372826576232910e-01,6.464293003082275391e-01,5.963361263275146484e-01,5.468587279319763184e-01,4.987278878688812256e-01,4.525822103023529053e-01,4.089487195014953613e-01,3.682225942611694336e-01,3.306557834148406982e-01,2.963619232177734375e-01,2.653232216835021973e-01,2.374117076396942139e-01,2.124008238315582275e-01,1.899835765361785889e-01,1.697862744331359863e-01,1.513951420783996582e-01,1.343796998262405396e-01,1.183176860213279724e-01,1.028209179639816284e-01,8.755290508270263672e-02,7.225085049867630005e-02,5.674235522747039795e-02,4.095955193042755127e-02,2.494852989912033081e-02,8.871432393789291382e-03,-6.996873300522565842e-03,-2.227744832634925842e-02,-3.650089725852012634e-02,-4.912469536066055298e-02,-5.955526977777481079e-02,-6.717293709516525269e-02,-7.135768234729766846e-02,-7.151446491479873657e-02,-6.709776818752288818e-02,-5.763581767678260803e-02,-4.275229200720787048e-02,-2.218482084572315216e-02,4.197568167001008987e-03,3.638221323490142822e-02,7.419998198747634888e-02,1.173229888081550598e-01,1.652691960334777832e-01,2.174183428287506104e-01,2.730297148227691650e-01,3.312631845474243164e-01,3.912024199962615967e-01,4.518846869468688965e-01,5.123291611671447754e-01,5.715608596801757812e-01,6.286252737045288086e-01,6.826055049896240234e-01,7.326451539993286133e-01,7.779779434204101562e-01,8.179625272750854492e-01,8.521074056625366211e-01,8.800851106643676758e-01,9.017336964607238770e-01,9.170491099357604980e-01,9.261717200279235840e-01,9.293748736381530762e-01,9.270481467247009277e-01,9.196840524673461914e-01,9.078609943389892578e-01,8.922231197357177734e-01,8.734549283981323242e-01,8.522502779960632324e-01,8.292875289916992188e-01,8.051996827125549316e-01,7.805510163307189941e-01,7.558159828186035156e-01,7.313621044158935547e-01,7.074370384216308594e-01,6.841672062873840332e-01,6.615619063377380371e-01,6.395277380943298340e-01,6.178792119026184082e-01,5.963576436042785645e-01,5.746443867683410645e-01,5.523725748062133789e-01,5.291459560394287109e-01,5.045666694641113281e-01,4.782614111900329590e-01,4.499149620532989502e-01,4.192980825901031494e-01,3.862832486629486084e-01,3.508493900299072266e-01,3.130880892276763916e-01,2.732042670249938965e-01,2.315191924571990967e-01,1.884814202785491943e-01
1.000000000000000000e+00,9.963501095771789551e-01,9.854436516761779785e-01,9.675289392471313477e-01,9.430394172668457031e-01,9.125463366508483887e-01,8.767330646514892578e-01,8.363792300224304199e-01,7.923383712768554688e-01,7.455083131790161133e-01,6.967940330505371094e-01,6.470841765403747559e-01,5.972282290458679199e-01,5.480247735977172852e-01,5.001991987228393555e-01,4.543826282024383545e-01,4.110925495624542236e-01,3.707113265991210938e-01,3.334792256355285645e-01,2.994933426380157471e-01,2.687239646911621094e-01,2.410296946763992310e-01,2.161731719970703125e-01,1.938372403383255005e-01,1.736398339271545410e-01,1.551623791456222534e-01,1.379727870225906372e-01,1.216529682278633118e-01,1.058197394013404846e-01,9.014774113893508911e-02,7.438796013593673706e-02,5.838623642921447754e-02,4.209582135081291199e-02,2.558672986924648285e-02,9.046362712979316711e-03,-7.225094828754663467e-03,-2.282414026558399200e-02,-3.725906088948249817e-02,-4.996850714087486267e-02,-6.034437939524650574e-02,-6.775804609060287476e-02,-7.158576697111129761e-02,-7.123465090990066528e-02,-6.616722047328948975e-02,-5.592567846179008484e-02,-4.015282168984413147e-02,-1.861188560724258423e-02,8.799264207482337952e-03,4.203337803483009338e-02,8.088392019271850586e-02,1.249828860163688660e-01,1.738092452287673950e-01,2.267062216997146606e-01,2.829014062881469727e-01,3.415279984474182129e-01,4.016493558883666992e-01,4.622895717620849609e-01,5.224627256393432617e-01,5.811936855316162109e-01,6.375336647033691406e-01,6.905786395072937012e-01,7.394925951957702637e-01,7.835423946380615234e-01,8.221273422241210938e-01,8.548046350479125977e-01,8.812998533248901367e-01,9.015026092529296875e-01,9.154577255249023438e-01,9.233517646789550781e-01,9.254982471466064453e-01,9.223223924636840820e-01,9.143467545509338379e-01,9.021714329719543457e-01,8.864543437957763672e-01,8.678807020187377930e-01,8.471371531486511230e-01,8.248800039291381836e-01,8.017107248306274414e-01,7.781528830528259277e-01,7.546310424804687500e-01,7.314558625221252441e-01,7.088158130645751953e-01,6.867769360542297363e-01,6.652928590774536133e-01,6.442170143127441406e-01,6.233199834823608398e-01,6.023052334785461426e-01,5.808216929435729980e-01,5.584806799888610840e-01,5.348787903785705566e-01,5.096186995506286621e-01,4.823481440544128418e-01,4.527876973152160645e-01,4.207534492015838623e-01,3.861709833145141602e-01,3.490800857543945312e-01,3.096378445625305176e-01,2.681152224540710449e-01,2.249085009098052979e-01,1.805389374494552612e-01
1.000000000000000000e+00,9.963489174842834473e-01,9.854394793510437012e-01,9.675238132476806641e-01,9.430386424064636230e-01,9.125598073005676270e-01,8.767763972282409668e-01,8.364753127098083496e-01,7.925172448158264160e-01,7.458057403564453125e-01,6.972500085830688477e-01,6.477393507957458496e-01,5.981229543685913086e-01,5.491957664489746094e-01,5.016780495643615723e-01,4.561941325664520264e-01,4.132508933544158936e-01,3.732183277606964111e-01,3.363233506679534912e-01,3.026487231254577637e-01,2.721515893936157227e-01,2.446787655353546143e-01,2.199811190366744995e-01,1.977307349443435669e-01,1.775393933057785034e-01,1.589827388525009155e-01,1.416287720203399658e-01,1.250622868537902832e-01,1.089073047041893005e-01,9.284888952970504761e-02,7.665310055017471313e-02,6.018409505486488342e-02,4.341701418161392212e-02,2.644577622413635254e-02,9.483067318797111511e-03,-7.145716808736324310e-03,-2.301295660436153412e-02,-3.760538250207901001e-02,-5.034381523728370667e-02,-6.060720607638359070e-02,-6.775888055562973022e-02,-7.117325067520141602e-02,-7.026094198226928711e-02,-6.449392437934875488e-02,-5.342983454465866089e-02,-3.673290088772773743e-02,-1.419192273169755936e-02,1.426411326974630356e-02,4.855276644229888916e-02,8.842847496271133423e-02,1.334828883409500122e-01,1.831568032503128052e-01,2.367577999830245972e-01,2.934831976890563965e-01,3.524405062198638916e-01,4.126744568347930908e-01,4.731986522674560547e-01,5.330232977867126465e-01,5.911762118339538574e-01,6.467149257659912109e-01,6.987507939338684082e-01,7.464723587036132812e-01,7.891811132431030273e-01,8.263208866119384766e-01,8.575004339218139648e-01,8.824967145919799805e-01,9.012516736984252930e-01,9.138581156730651855e-01,9.205470085144042969e-01,9.216704368591308594e-01,9.176874160766601562e-01,9.091477394104003906e-01,8.966708183288574219e-01,8.809232115745544434e-01,8.625894784927368164e-01,8.423425555229187012e-01,8.208137750625610352e-01,7.985694408416748047e-01,7.760889530181884766e-01,7.537441253662109375e-01,7.317881584167480469e-01,7.103500962257385254e-01,6.894376873970031738e-01,6.689503788948059082e-01,6.486924290657043457e-01,6.283931732177734375e-01,6.077213883399963379e-01,5.863006114959716797e-01,5.637255311012268066e-01,5.395885705947875977e-01,5.135043263435363770e-01,4.851481914520263672e-01,4.542793333530426025e-01,4.207664430141448975e-01,3.845927715301513672e-01,3.458603918552398682e-01,3.047920763492584229e-01,2.617304623126983643e-01,2.171433418989181519e-01,1.716244071722030640e-01
1.000000000000000000e+00,9.963474869728088379e-01,9.854351282119750977e-01,9.675180315971374512e-01,9.430369138717651367e-01,9.125719070434570312e-01,8.768182396888732910e-01,8.365694284439086914e-01,7.926942706108093262e-01,7.461021542549133301e-01,6.977062821388244629e-01,6.483960747718811035e-01,5.990207791328430176e-01,5.503722429275512695e-01,5.031655430793762207e-01,4.580174684524536133e-01,4.154236316680908203e-01,3.757432699203491211e-01,3.391881883144378662e-01,3.058285415172576904e-01,2.756075561046600342e-01,2.483597397804260254e-01,2.238248884677886963e-01,2.016658484935760498e-01,1.814858466386795044e-01,1.628574579954147339e-01,1.453488469123840332e-01,1.285476833581924438e-01,1.120853051543235779e-01,9.565888345241546631e-02,7.904917001724243164e-02,6.213926896452903748e-02,4.492663592100143433e-02,2.752944640815258026e-02,1.018557325005531311e-02,-6.754407193511724472e-03,-2.283957600593566895e-02,-3.753586113452911377e-02,-5.024733021855354309e-02,-6.034106016159057617e-02,-6.717427819967269897e-02,-7.012040913105010986e-02,-6.859537214040756226e-02,-6.208199262619018555e-02,-5.015498027205467224e-02,-3.250119462609291077e-02,-8.936827071011066437e-03,2.057716995477676392e-02,5.592194199562072754e-02,9.681212902069091797e-02,1.427991241216659546e-01,1.932853311300277710e-01,2.475443631410598755e-01,3.047439157962799072e-01,3.639679551124572754e-01,4.242449998855590820e-01,4.845792055130004883e-01,5.439798831939697266e-01,6.014775633811950684e-01,6.561402678489685059e-01,7.070960998535156250e-01,7.535614967346191406e-01,7.948760390281677246e-01,8.305314779281616211e-01,8.601875305175781250e-01,8.836747407913208008e-01,9.009853005409240723e-01,9.122591614723205566e-01,9.177694320678710938e-01,9.179065823554992676e-01,9.131602644920349121e-01,9.041048884391784668e-01,8.913760781288146973e-01,8.756462335586547852e-01,8.575941920280456543e-01,8.378744721412658691e-01,8.170900344848632812e-01,7.957693338394165039e-01,7.743439078330993652e-01,7.531320452690124512e-01,7.323278188705444336e-01,7.120013236999511719e-01,6.921035647392272949e-01,6.724823713302612305e-01,6.528975963592529297e-01,6.330402493476867676e-01,6.125493645668029785e-01,5.910263657569885254e-01,5.680568814277648926e-01,5.432345867156982422e-01,5.161945819854736328e-01,4.866446554660797119e-01,4.543910622596740723e-01,4.193564355373382568e-01,3.815852403640747070e-01,3.412451148033142090e-01,2.986271083354949951e-01,2.541446387767791748e-01,2.083365768194198608e-01,1.618655323982238770e-01
1.000000000000000000e+00,9.963459968566894531e-01,9.854307174682617188e-01,9.675121903419494629e-01,9.430347681045532227e-01,9.125834703445434570e-01,8.768591284751892090e-01,8.366624116897583008e-01,7.928701043128967285e-01,7.463977932929992676e-01,6.981620192527770996e-01,6.490543484687805176e-01,5.999224185943603516e-01,5.515552163124084473e-01,5.046627521514892578e-01,4.598532617092132568e-01,4.176125228404998779e-01,3.782871365547180176e-01,3.420751392841339111e-01,3.090331554412841797e-01,2.790918052196502686e-01,2.520727217197418213e-01,2.277052253484725952e-01,2.056421786546707153e-01,1.854803711175918579e-01,1.667885184288024902e-01,1.491346359252929688e-01,1.321107149124145508e-01,1.153563186526298523e-01,9.857986867427825928e-02,8.157844096422195435e-02,6.425444781780242920e-02,4.662783816456794739e-02,2.884120307862758636e-02,1.115771569311618805e-02,-6.047470495104789734e-03,-2.230046689510345459e-02,-3.704728931188583374e-02,-4.967645928263664246e-02,-5.954461544752120972e-02,-6.600388884544372559e-02,-6.842862814664840698e-02,-6.624091416597366333e-02,-5.893671512603759766e-02,-4.610912129282951355e-02,-2.746859006583690643e-02,-2.860182197764515877e-03,2.772198617458343506e-02,6.412117183208465576e-02,1.060119867324829102e-01,1.529052704572677612e-01,2.041658759117126465e-01,2.590347826480865479e-01,3.166511952877044678e-01,3.760772347450256348e-01,4.363267421722412109e-01,4.963977634906768799e-01,5.552989840507507324e-01,6.120659708976745605e-01,6.657795310020446777e-01,7.155874371528625488e-01,7.607369422912597656e-01,8.006094098091125488e-01,8.347458243370056152e-01,8.628587126731872559e-01,8.848311901092529297e-01,9.007052183151245117e-01,9.106665849685668945e-01,9.150295257568359375e-01,9.142192602157592773e-01,9.087553620338439941e-01,8.992334604263305664e-01,8.863021135330200195e-01,8.706353306770324707e-01,8.529019355773925781e-01,8.337349891662597656e-01,8.137055635452270508e-01,7.932998538017272949e-01,7.728994488716125488e-01,7.527673840522766113e-01,7.330390214920043945e-01,7.137262225151062012e-01,6.947254538536071777e-01,6.758362650871276855e-01,6.567770242691040039e-01,6.372049450874328613e-01,6.167331933975219727e-01,5.949482321739196777e-01,5.714298486709594727e-01,5.457827448844909668e-01,5.176673531532287598e-01,4.868310093879699707e-01,4.531320631504058838e-01,4.165509939193725586e-01,3.771959543228149414e-01,3.353027105331420898e-01,2.912307977676391602e-01,2.454636394977569580e-01,1.986106783151626587e-01,1.513974517583847046e-01
1.000000000000000000e+00,9.963445067405700684e-01,9.854261875152587891e-01,9.675060510635375977e-01,9.430322051048278809e-01,9.125941395759582520e-01,8.768989443778991699e-01,8.367543816566467285e-01,7.930454015731811523e-01,7.466931343078613281e-01,6.986189484596252441e-01,6.497147679328918457e-01,6.008281111717224121e-01,5.527449250221252441e-01,5.061692595481872559e-01,4.617016315460205078e-01,4.198174476623535156e-01,3.808498680591583252e-01,3.449844717979431152e-01,3.122629821300506592e-01,2.826050817966461182e-01,2.558187544345855713e-01,2.316231429576873779e-01,2.096615880727767944e-01,1.895241290330886841e-01,1.707766205072402954e-01,1.529871672391891479e-01,1.357529163360595703e-01,1.187213510274887085e-01,1.016137227416038513e-01,8.424314856529235840e-02,6.653210520744323730e-02,4.852316901087760925e-02,3.038402460515499115e-02,1.240248698741197586e-02,-5.021764431148767471e-03,-2.139266766607761383e-02,-3.613721951842308044e-02,-4.862958192825317383e-02,-5.821713432669639587e-02,-6.424848735332489014e-02,-6.610009074211120605e-02,-6.320235133171081543e-02,-5.506488308310508728e-02,-4.130120575428009033e-02,-2.164697088301181793e-02,4.023214336484670639e-03,3.568029403686523438e-02,7.312930375337600708e-02,1.160034388303756714e-01,1.637736409902572632e-01,2.157685011625289917e-01,2.711965441703796387e-01,3.291710913181304932e-01,3.887331187725067139e-01,4.488846063613891602e-01,5.086187720298767090e-01,5.669455528259277344e-01,6.229087114334106445e-01,6.756018996238708496e-01,7.241966724395751953e-01,7.679749131202697754e-01,8.063621520996093750e-01,8.389503955841064453e-01,8.655054569244384766e-01,8.859625458717346191e-01,9.004126191139221191e-01,9.090859889984130859e-01,9.123353958129882812e-01,9.106191396713256836e-01,9.044838547706604004e-01,8.945443034172058105e-01,8.814582228660583496e-01,8.658974766731262207e-01,8.485164046287536621e-01,8.299227952957153320e-01,8.106516599655151367e-01,7.911446690559387207e-01,7.717319726943969727e-01,7.526185512542724609e-01,7.338827252388000488e-01,7.154793739318847656e-01,6.972534060478210449e-01,6.789578795433044434e-01,6.602753400802612305e-01,6.408325433731079102e-01,6.202223300933837891e-01,5.980190634727478027e-01,5.738063454627990723e-01,5.472053885459899902e-01,5.179090499877929688e-01,4.857101440429687500e-01,4.505227804183959961e-01,4.123890697956085205e-01,3.714840114116668701e-01,3.281111121177673340e-01,2.826998829841613770e-01,2.358022332191467285e-01,1.880945414304733276e-01,1.403587013483047485e-01
1.000000000000000000e+00,9.963430166244506836e-01,9.854215383529663086e-01,9.674997329711914062e-01,9.430293440818786621e-01,9.126043915748596191e-01,8.769379258155822754e-01,8.368456959724426270e-01,7.932202816009521484e-01,7.469890117645263672e-01,6.990774869918823242e-01,6.503787040710449219e-01,6.017392277717590332e-01,5.539422631263732910e-01,5.076865553855895996e-01,4.635637402534484863e-01,4.220388829708099365e-01,3.834323883056640625e-01,3.479157984256744385e-01,3.155195116996765137e-01,2.861473560333251953e-01,2.595982551574707031e-01,2.355789542198181152e-01,2.137243449687957764e-01,1.936175227165222168e-01,1.748223453760147095e-01,1.569077372550964355e-01,1.394753456115722656e-01,1.221822798252105713e-01,1.047622784972190857e-01,8.704522997140884399e-02,6.897434592247009277e-02,5.061533674597740173e-02,3.216039761900901794e-02,1.392249483615159988e-02,-3.674869658425450325e-03,-2.011401578783988953e-02,-3.480401635169982910e-02,-4.710578173398971558e-02,-5.635891482234001160e-02,-6.190985441207885742e-02,-6.313854455947875977e-02,-5.948492884635925293e-02,-5.047450959682464600e-02,-3.574208915233612061e-02,-1.504985336214303970e-02,1.169644109904766083e-02,4.443267360329627991e-02,8.292338997125625610e-02,1.267606317996978760e-01,1.753756254911422729e-01,2.280618399381637573e-01,2.839970588684082031e-01,3.422686755657196045e-01,4.019001722335815430e-01,4.618824422359466553e-01,5.212064981460571289e-01,5.788852572441101074e-01,6.339712738990783691e-01,6.855756640434265137e-01,7.328959107398986816e-01,7.752515077590942383e-01,8.121147751808166504e-01,8.431307673454284668e-01,8.681185841560363770e-01,8.870646953582763672e-01,9.001077413558959961e-01,9.075199961662292480e-01,9.096918106079101562e-01,9.071132540702819824e-01,9.003545045852661133e-01,8.900463581085205078e-01,8.768517374992370605e-01,8.614369034767150879e-01,8.444370031356811523e-01,8.264310956001281738e-01,8.079150319099426270e-01,7.892838716506958008e-01,7.708128094673156738e-01,7.526506185531616211e-01,7.348173260688781738e-01,7.172131538391113281e-01,6.996347308158874512e-01,6.817938685417175293e-01,6.633383631706237793e-01,6.438701748847961426e-01,6.229662895202636719e-01,6.001970767974853516e-01,5.751540660858154297e-01,5.474820137023925781e-01,5.169137120246887207e-01,4.832927584648132324e-01,4.465922415256500244e-01,4.069195687770843506e-01,3.645175099372863770e-01,3.197589218616485596e-01,2.731402814388275146e-01,2.252831906080245972e-01,1.769240349531173706e-01,1.288938820362091064e-01
1.000000000000000000e+00,9.963414072990417480e-01,9.854168891906738281e-01,9.674932360649108887e-01,9.430261254310607910e-01,9.126142263412475586e-01,8.769767284393310547e-01,8.369367122650146484e-01,7.933949232101440430e-01,7.472859621047973633e-01,6.995378136634826660e-01,6.510461568832397461e-01,6.026562452316284180e-01,5.551477670669555664e-01,5.092144608497619629e-01,4.654398560523986816e-01,4.242769479751586914e-01,3.860349059104919434e-01,3.508710563182830811e-01,3.188018500804901123e-01,2.897201776504516602e-01,2.634112536907196045e-01,2.395737916231155396e-01,2.178312987089157104e-01,1.977619230747222900e-01,1.789267063140869141e-01,1.608968526124954224e-01,1.432792097330093384e-01,1.257399469614028931e-01,1.080264598131179810e-01,8.998617529869079590e-02,7.158323377370834351e-02,5.290631204843521118e-02,3.417256847023963928e-02,1.571994647383689880e-02,-2.004663227126002312e-03,-1.846280880272388458e-02,-3.304670006036758423e-02,-4.510514065623283386e-02,-5.397130921483039856e-02,-5.899088084697723389e-02,-5.954859405755996704e-02,-5.509556457400321960e-02,-4.517479240894317627e-02,-2.944365330040454865e-02,-7.692097686231136322e-03,2.014216035604476929e-02,5.395768955349922180e-02,9.347883611917495728e-02,1.382555961608886719e-01,1.876808255910873413e-01,2.410128861665725708e-01,2.974003851413726807e-01,3.559073805809020996e-01,4.155408442020416260e-01,4.752829372882843018e-01,5.341232419013977051e-01,5.910810232162475586e-01,6.452196836471557617e-01,6.956684589385986328e-01,7.416556477546691895e-01,7.825415730476379395e-01,8.178480863571166992e-01,8.472728729248046875e-01,8.706884384155273438e-01,8.881321549415588379e-01,8.997883796691894531e-01,9.059705138206481934e-01,9.071041345596313477e-01,9.037075638771057129e-01,8.963738679885864258e-01,8.857450485229492188e-01,8.724867105484008789e-01,8.572537899017333984e-01,8.406595587730407715e-01,8.232502937316894531e-01,8.054795861244201660e-01,7.876929640769958496e-01,7.701112031936645508e-01,7.528249621391296387e-01,7.357981801033020020e-01,7.188789844512939453e-01,7.018179893493652344e-01,6.842899322509765625e-01,6.659122109413146973e-01,6.462680697441101074e-01,6.249221563339233398e-01,6.014456152915954590e-01,5.754460692405700684e-01,5.466004610061645508e-01,5.146858096122741699e-01,4.795999825000762939e-01,4.413803219795227051e-01,4.002017080783843994e-01,3.563758730888366699e-01,3.103422522544860840e-01,2.626673877239227295e-01,2.140348702669143677e-01,1.652382910251617432e-01,1.171474233269691467e-01
1.000000000000000000e+00,9.963397979736328125e-01,9.854121804237365723e-01,9.674866199493408203e-01,9.430229067802429199e-01,9.126241207122802734e-01,8.770151734352111816e-01,8.370278477668762207e-01,7.935703992843627930e-01,7.475840449333190918e-01,7.000012397766113281e-01,6.517179012298583984e-01,6.035795807838439941e-01,5.563628077507019043e-01,5.107547640800476074e-01,4.673308134078979492e-01,4.265329539775848389e-01,3.886578381061553955e-01,3.538495302200317383e-01,3.221112787723541260e-01,2.933229506015777588e-01,2.672594189643859863e-01,2.436074614524841309e-01,2.219824641942977905e-01,2.019574344158172607e-01,1.830906867980957031e-01,1.649555712938308716e-01,1.471648812294006348e-01,1.293954849243164062e-01,1.114076822996139526e-01,9.306742250919342041e-02,7.435967773199081421e-02,5.539735034108161926e-02,3.642217442393302917e-02,1.779650710523128510e-02,-9.846308785199653357e-06,-1.643820293247699738e-02,-3.086515329778194427e-02,-4.262859374284744263e-02,-5.105658248066902161e-02,-5.549528449773788452e-02,-5.533599108457565308e-02,-5.004253610968589783e-02,-3.917632997035980225e-02,-2.241932600736618042e-02,4.099469806533306837e-04,2.934068813920021057e-02,6.423299014568328857e-02,1.047698035836219788e-01,1.504599452018737793e-01,2.006571888923645020e-01,2.545877099037170410e-01,3.113716542720794678e-01,3.700508177280426025e-01,4.296172559261322021e-01,4.890477359294891357e-01,5.473323464393615723e-01,6.034969091415405273e-01,6.566179990768432617e-01,7.058479785919189453e-01,7.504476308822631836e-01,7.898210883140563965e-01,8.235415816307067871e-01,8.513610959053039551e-01,8.732047080993652344e-01,8.891588449478149414e-01,8.994521498680114746e-01,9.044378995895385742e-01,9.045739769935607910e-01,9.004060626029968262e-01,8.925449252128601074e-01,8.816435337066650391e-01,8.683633804321289062e-01,8.533447384834289551e-01,8.371756672859191895e-01,8.203654289245605469e-01,8.033238053321838379e-01,7.863446474075317383e-01,7.695922851562500000e-01,7.531008124351501465e-01,7.367790341377258301e-01,7.204264402389526367e-01,7.037510275840759277e-01,6.863939762115478516e-01,6.679478287696838379e-01,6.479790806770324707e-01,6.260481476783752441e-01,6.017335057258605957e-01,5.746650099754333496e-01,5.445566773414611816e-01,5.112355947494506836e-01,4.746615588665008545e-01,4.349361360073089600e-01,3.923047184944152832e-01,3.471458256244659424e-01,2.999685406684875488e-01,2.514023780822753906e-01,2.021922767162322998e-01,1.531807184219360352e-01,1.052656695246696472e-01
1.000000000000000000e+00,9.963383078575134277e-01,9.854072928428649902e-01,9.674801230430603027e-01,9.430198073387145996e-01,9.126340150833129883e-01,8.770540356636047363e-01,8.371194601058959961e-01,7.937471270561218262e-01,7.478845119476318359e-01,7.004678845405578613e-01,6.523950099945068359e-01,6.045104265213012695e-01,5.575875043869018555e-01,5.123077034950256348e-01,4.692369401454925537e-01,4.288073778152465820e-01,3.913024663925170898e-01,3.568525016307830811e-01,3.254480957984924316e-01,2.969567477703094482e-01,2.711428105831146240e-01,2.476808875799179077e-01,2.261789441108703613e-01,2.062043249607086182e-01,1.873143762350082397e-01,1.690841317176818848e-01,1.511336416006088257e-01,1.331492066383361816e-01,1.149066239595413208e-01,9.628961235284805298e-02,7.730513811111450195e-02,5.808989703655242920e-02,3.891025483608245850e-02,2.015297114849090576e-02,2.310271607711911201e-03,-1.404011808335781097e-02,-2.826004289090633392e-02,-3.967788815498352051e-02,-4.761794209480285645e-02,-5.142805352807044983e-02,-5.050775036215782166e-02,-4.433479532599449158e-02,-3.249119222164154053e-02,-1.468376722186803818e-02,9.238961152732372284e-03,3.927140310406684875e-02,7.523458451032638550e-02,1.167692616581916809e-01,1.633427888154983521e-01,2.142720967531204224e-01,2.687513530254364014e-01,3.258736431598663330e-01,3.846601545810699463e-01,4.440910816192626953e-01,5.031379461288452148e-01,5.607943534851074219e-01,6.160944700241088867e-01,6.681309938430786133e-01,7.160810232162475586e-01,7.592421770095825195e-01,7.970653176307678223e-01,8.291762471199035645e-01,8.553810119628906250e-01,8.756570816040039062e-01,8.901380896568298340e-01,8.990957736968994141e-01,9.029207825660705566e-01,9.021022915840148926e-01,8.972097039222717285e-01,8.888704180717468262e-01,8.777417540550231934e-01,8.644786477088928223e-01,8.497033119201660156e-01,8.339735865592956543e-01,8.177593946456909180e-01,8.014240860939025879e-01,7.852075695991516113e-01,7.692183852195739746e-01,7.534348368644714355e-01,7.377125620841979980e-01,7.218047976493835449e-01,7.053818702697753906e-01,6.880542039871215820e-01,6.693957448005676270e-01,6.489607095718383789e-01,6.263094544410705566e-01,6.010354757308959961e-01,5.727973580360412598e-01,5.413537025451660156e-01,5.065859556198120117e-01,4.685172736644744873e-01,4.273186326026916504e-01,3.833054602146148682e-01,3.369243443012237549e-01,2.887497246265411377e-01,2.394729405641555786e-01,1.898948997259140015e-01,1.408969014883041382e-01,9.339729696512222290e-02
1.000000000000000000e+00,9.963367581367492676e-01,9.854025244712829590e-01,9.674736261367797852e-01,9.430169463157653809e-01,9.126440882682800293e-01,8.770931959152221680e-01,8.372119069099426270e-01,7.939254641532897949e-01,7.481874823570251465e-01,7.009389400482177734e-01,6.530781388282775879e-01,6.054491996765136719e-01,5.588225722312927246e-01,5.138739943504333496e-01,4.711596071720123291e-01,4.311007857322692871e-01,3.939683139324188232e-01,3.598795235157012939e-01,3.288123905658721924e-01,3.006223738193511963e-01,2.750612795352935791e-01,2.517944872379302979e-01,2.304209470748901367e-01,2.105034738779067993e-01,1.915980577468872070e-01,1.732833385467529297e-01,1.551850140094757080e-01,1.370016336441040039e-01,1.185236275196075439e-01,9.965344518423080444e-02,8.041997998952865601e-02,6.098447367548942566e-02,4.163764789700508118e-02,2.279016561806201935e-02,4.955961834639310837e-03,-1.126903854310512543e-02,-2.523275464773178101e-02,-3.625574335455894470e-02,-4.365941882133483887e-02,-4.679523408412933350e-02,-4.507182911038398743e-02,-3.798302263021469116e-02,-2.513218298554420471e-02,-6.252762861549854279e-03,1.877590641379356384e-02,4.991229996085166931e-02,8.693747967481613159e-02,1.294489949941635132e-01,1.768733114004135132e-01,2.284920364618301392e-01,2.834678888320922852e-01,3.408687412738800049e-01,3.996970653533935547e-01,4.589223861694335938e-01,5.175141692161560059e-01,5.744705796241760254e-01,6.288366317749023438e-01,6.797224879264831543e-01,7.263345718383789062e-01,7.680103182792663574e-01,8.042496442794799805e-01,8.347320556640625000e-01,8.593174815177917480e-01,8.780336380004882812e-01,8.910620212554931641e-01,8.987147808074951172e-01,9.014175534248352051e-01,8.996884226799011230e-01,8.941193819046020508e-01,8.853492736816406250e-01,8.740372061729431152e-01,8.608279824256896973e-01,8.463197946548461914e-01,8.310385346412658691e-01,8.154112100601196289e-01,7.997527122497558594e-01,7.842482924461364746e-01,7.689505219459533691e-01,7.537823319435119629e-01,7.385500669479370117e-01,7.229636907577514648e-01,7.066597938537597656e-01,6.892234086990356445e-01,6.702115535736083984e-01,6.491736173629760742e-01,6.256766319274902344e-01,5.993337035179138184e-01,5.698401927947998047e-01,5.370023250579833984e-01,5.007640719413757324e-01,4.612153470516204834e-01,4.185965359210968018e-01,3.732921779155731201e-01,3.258165419101715088e-01,2.768062353134155273e-01,2.270125299692153931e-01,1.772841364145278931e-01,1.285330653190612793e-01,8.168798685073852539e-02
1.000000000000000000e+00,9.963350892066955566e-01,9.853979945182800293e-01,9.674674272537231445e-01,9.430140256881713867e-01,9.126546978950500488e-01,8.771333098411560059e-01,8.373056650161743164e-01,7.941060066223144531e-01,7.484943866729736328e-01,7.014148235321044922e-01,6.537680029869079590e-01,6.063969731330871582e-01,5.600696802139282227e-01,5.154539942741394043e-01,4.730991125106811523e-01,4.334137439727783203e-01,3.966565430164337158e-01,3.629322350025177002e-01,3.322057127952575684e-01,3.043194115161895752e-01,2.790158092975616455e-01,2.559481859207153320e-01,2.347084581851959229e-01,2.148545533418655396e-01,1.959419846534729004e-01,1.775523275136947632e-01,1.593195796012878418e-01,1.409531831741333008e-01,1.222591251134872437e-01,1.031591594219207764e-01,8.370511233806610107e-02,6.408175081014633179e-02,4.460466280579566956e-02,2.570796385407447815e-02,7.926536723971366882e-03,-8.126102387905120850e-03,-2.178569696843624115e-02,-3.236562013626098633e-02,-3.918624669313430786e-02,-4.160356521606445312e-02,-3.903746977448463440e-02,-3.099863044917583466e-02,-1.711369305849075317e-02,2.856494626030325890e-03,2.900062501430511475e-02,6.124050170183181763e-02,9.931486099958419800e-02,1.427790969610214233e-01,1.910191029310226440e-01,2.432818561792373657e-01,2.987002432346343994e-01,3.563187420368194580e-01,4.151217937469482422e-01,4.740712642669677734e-01,5.321363210678100586e-01,5.883215069770812988e-01,6.416847705841064453e-01,6.913570761680603027e-01,7.365764379501342773e-01,7.767238020896911621e-01,8.113504052162170410e-01,8.401900529861450195e-01,8.631552457809448242e-01,8.803244829177856445e-01,8.919230103492736816e-01,8.983038067817687988e-01,8.999248743057250977e-01,8.973310589790344238e-01,8.911330103874206543e-01,8.819794654846191406e-01,8.705263137817382812e-01,8.574030995368957520e-01,8.431825041770935059e-01,8.283525109291076660e-01,8.132976889610290527e-01,7.982799410820007324e-01,7.834305763244628906e-01,7.687467336654663086e-01,7.540975213050842285e-01,7.392429113388061523e-01,7.238534092903137207e-01,7.075355648994445801e-01,6.898535490036010742e-01,6.703535318374633789e-01,6.485843062400817871e-01,6.241247057914733887e-01,5.966160297393798828e-01,5.657955408096313477e-01,5.315243601799011230e-01,4.938100874423980713e-01,4.528137445449829102e-01,4.088460206985473633e-01,3.623595237731933594e-01,3.139329254627227783e-01,2.642641961574554443e-01,2.141575068235397339e-01,1.645043641328811646e-01,1.162368655204772949e-01,7.028558105230331421e-02
1.000000000000000000e+00,9.963336586952209473e-01,9.853933453559875488e-01,9.674614667892456055e-01,9.430119395256042480e-01,9.126659035682678223e-01,8.771742582321166992e-01,8.374018073081970215e-01,7.942894101142883301e-01,7.488050460815429688e-01,7.018961310386657715e-01,6.544651389122009277e-01,6.073545217514038086e-01,5.613285303115844727e-01,5.170491337776184082e-01,4.750560522079467773e-01,4.357465803623199463e-01,3.993674218654632568e-01,3.660099804401397705e-01,3.356268405914306641e-01,3.080489337444305420e-01,2.830061614513397217e-01,2.601426541805267334e-01,2.390420585870742798e-01,2.192579060792922974e-01,2.003460079431533813e-01,1.818919330835342407e-01,1.635374277830123901e-01,1.450035870075225830e-01,1.261128485202789307e-01,1.068071424961090088e-01,8.716007322072982788e-02,6.738144904375076294e-02,4.781091585755348206e-02,2.890574559569358826e-02,1.122112199664115906e-02,-4.613317083567380905e-03,-1.792168989777565002e-02,-2.801189944148063660e-02,-3.420436754822731018e-02,-3.586127981543540955e-02,-3.241482004523277283e-02,-2.339455112814903259e-02,-8.451092056930065155e-03,1.262592244893312454e-02,3.989253193140029907e-02,7.323139160871505737e-02,1.123396754264831543e-01,1.567289978265762329e-01,2.057470381259918213e-01,2.586060464382171631e-01,3.144113719463348389e-01,3.721839189529418945e-01,4.308942854404449463e-01,4.894970655441284180e-01,5.469644665718078613e-01,6.023081541061401367e-01,6.546009778976440430e-01,7.029983401298522949e-01,7.467740774154663086e-01,7.853550314903259277e-01,8.183442950248718262e-01,8.455305695533752441e-01,8.668793439865112305e-01,8.825172185897827148e-01,8.927133083343505859e-01,8.978574872016906738e-01,8.984382152557373047e-01,8.950269818305969238e-01,8.882481455802917480e-01,8.787568211555480957e-01,8.672020435333251953e-01,8.541942834854125977e-01,8.402758240699768066e-01,8.258959650993347168e-01,8.113915920257568359e-01,7.969732284545898438e-01,7.827168107032775879e-01,7.685638666152954102e-01,7.543337941169738770e-01,7.397426366806030273e-01,7.244252562522888184e-01,7.079624533653259277e-01,6.899026036262512207e-01,6.697848439216613770e-01,6.471627950668334961e-01,6.216362714767456055e-01,5.928784012794494629e-01,5.606747269630432129e-01,5.249477028846740723e-01,4.857716858386993408e-01,4.433790743350982666e-01,3.981522321701049805e-01,3.506095409393310547e-01,3.013919293880462646e-01,2.512529194355010986e-01,2.010489404201507568e-01,1.517008394002914429e-01,1.041542664170265198e-01,5.933655053377151489e-02
1.000000000000000000e+00,9.963322281837463379e-01,9.853889942169189453e-01,9.674557447433471680e-01,9.430102705955505371e-01,9.126782417297363281e-01,8.772171735763549805e-01,8.374994993209838867e-01,7.944762110710144043e-01,7.491207718849182129e-01,7.023840546607971191e-01,6.551707983016967773e-01,6.083223819732666016e-01,5.626003742218017578e-01,5.186597704887390137e-01,4.770308136940002441e-01,4.381002187728881836e-01,4.021016359329223633e-01,3.691145479679107666e-01,3.390780985355377197e-01,3.118116259574890137e-01,2.870332598686218262e-01,2.643778920173645020e-01,2.434212714433670044e-01,2.237134724855422974e-01,2.048099339008331299e-01,1.863015443086624146e-01,1.678376346826553345e-01,1.491523236036300659e-01,1.300849318504333496e-01,1.105967238545417786e-01,9.078490734100341797e-02,7.088337838649749756e-02,5.125604197382926941e-02,3.238249570131301880e-02,1.483776234090328217e-02,-7.332260720431804657e-04,-1.364477630704641342e-02,-2.319993451237678528e-02,-2.872078306972980499e-02,-2.957712300121784210e-02,-2.521511167287826538e-02,-1.518444344401359558e-02,8.390994044020771980e-04,2.303632721304893494e-02,5.142879486083984375e-02,8.585996925830841064e-02,1.259832084178924561e-01,1.712675094604492188e-01,2.210225611925125122e-01,2.744283676147460938e-01,3.305623531341552734e-01,3.884252011775970459e-01,4.469737410545349121e-01,5.051594972610473633e-01,5.619575381278991699e-01,6.163899898529052734e-01,6.675472259521484375e-01,7.146114706993103027e-01,7.568960189819335938e-01,7.938754558563232422e-01,8.252077698707580566e-01,8.507353663444519043e-01,8.704752922058105469e-01,8.846012949943542480e-01,8.934240341186523438e-01,8.973686099052429199e-01,8.969542384147644043e-01,8.927720189094543457e-01,8.854606747627258301e-01,8.756763935089111328e-01,8.640563488006591797e-01,8.511888384819030762e-01,8.375831246376037598e-01,8.236454725265502930e-01,8.096655011177062988e-01,7.957992553710937500e-01,7.820674777030944824e-01,7.683587074279785156e-01,7.544451951980590820e-01,7.400013804435729980e-01,7.246322631835937500e-01,7.078961133956909180e-01,6.893301606178283691e-01,6.684719324111938477e-01,6.448870897293090820e-01,6.181989312171936035e-01,5.881226062774658203e-01,5.544973611831665039e-01,5.173087120056152344e-01,4.767044186592102051e-01,4.329873919486999512e-01,3.866089284420013428e-01,3.381514549255371094e-01,2.883155345916748047e-01,2.379085868597030640e-01,1.878277510404586792e-01,1.390190273523330688e-01,9.243179857730865479e-02,4.898512735962867737e-02
1.000000000000000000e+00,9.963307380676269531e-01,9.853847026824951172e-01,9.674504399299621582e-01,9.430093765258789062e-01,9.126917123794555664e-01,8.772614598274230957e-01,8.376001119613647461e-01,7.946668267250061035e-01,7.494415044784545898e-01,7.028791904449462891e-01,6.558853983879089355e-01,6.093021035194396973e-01,5.638862848281860352e-01,5.202869176864624023e-01,4.790244698524475098e-01,4.404750466346740723e-01,4.048602283000946045e-01,3.722457885742187500e-01,3.425589799880981445e-01,3.156069815158843994e-01,2.910973429679870605e-01,2.686540782451629639e-01,2.478464990854263306e-01,2.282208800315856934e-01,2.093339711427688599e-01,1.907805800437927246e-01,1.722204834222793579e-01,1.533997207880020142e-01,1.341744214296340942e-01,1.145273968577384949e-01,9.457881003618240356e-02,7.458670437335968018e-02,5.493875592947006226e-02,3.613672405481338501e-02,1.877430453896522522e-02,3.510634414851665497e-03,-8.959230966866016388e-03,-1.793564669787883759e-02,-2.274333313107490540e-02,-2.276111394166946411e-02,-1.745061390101909637e-02,-6.383112166076898575e-03,1.073946803808212280e-02,3.406738862395286560e-02,6.358673423528671265e-02,9.909975528717041016e-02,1.402160972356796265e-01,1.863624900579452515e-01,2.368115186691284180e-01,2.907119393348693848e-01,3.471152186393737793e-01,4.050025045871734619e-01,4.633200466632843018e-01,5.210172533988952637e-01,5.770748257637023926e-01,6.305278539657592773e-01,6.804853081703186035e-01,7.261617183685302734e-01,7.669111490249633789e-01,8.022596240043640137e-01,8.319194316864013672e-01,8.557864427566528320e-01,8.739284873008728027e-01,8.865654468536376953e-01,8.940472006797790527e-01,8.968320488929748535e-01,8.954669833183288574e-01,8.905621170997619629e-01,8.827653527259826660e-01,8.727297782897949219e-01,8.610789179801940918e-01,8.483726978302001953e-01,8.350846171379089355e-01,8.215770125389099121e-01,8.080882430076599121e-01,7.947212457656860352e-01,7.814419269561767578e-01,7.680875062942504883e-01,7.543851137161254883e-01,7.399728894233703613e-01,7.244287729263305664e-01,7.072947025299072266e-01,6.880998611450195312e-01,6.663869619369506836e-01,6.417379975318908691e-01,6.138083934783935547e-01,5.823597908020019531e-01,5.472901463508605957e-01,5.086548924446105957e-01,4.666725099086761475e-01,4.217200577259063721e-01,3.743144869804382324e-01,3.250997960567474365e-01,2.748307585716247559e-01,2.243663072586059570e-01,1.746370643377304077e-01,1.266047060489654541e-01,8.121480792760848999e-02,3.937647864222526550e-02
1.000000000000000000e+00,9.963292479515075684e-01,9.853805303573608398e-01,9.674457311630249023e-01,9.430094361305236816e-01,9.127066731452941895e-01,8.773079514503479004e-01,8.377040624618530273e-01,7.948619723320007324e-01,7.497684955596923828e-01,7.033818364143371582e-01,6.566101908683776855e-01,6.102936267852783203e-01,5.651867389678955078e-01,5.219309926033020020e-01,4.810378849506378174e-01,4.428723752498626709e-01,4.076432883739471436e-01,3.754037618637084961e-01,3.460698425769805908e-01,3.194361031055450439e-01,2.951984703540802002e-01,2.729713618755340576e-01,2.523170411586761475e-01,2.327796518802642822e-01,2.139169126749038696e-01,1.953290104866027832e-01,1.766846626996994019e-01,1.577441394329071045e-01,1.383808404207229614e-01,1.185986474156379700e-01,9.854105859994888306e-02,7.849016785621643066e-02,5.885759368538856506e-02,4.016609489917755127e-02,2.302756533026695251e-02,8.114520460367202759e-03,-3.870535874739289284e-03,-1.222587469965219498e-02,-1.628056354820728302e-02,-1.542394142597913742e-02,-9.134428575634956360e-03,2.993969013914465904e-03,2.123196423053741455e-02,4.569830745458602905e-02,7.634223252534866333e-02,1.129239648580551147e-01,1.550084650516510010e-01,2.019809186458587646e-01,2.530782818794250488e-01,3.074192702770233154e-01,3.640307188034057617e-01,4.218750596046447754e-01,4.798915088176727295e-01,5.370288491249084473e-01,5.922762751579284668e-01,6.446821093559265137e-01,6.933791041374206543e-01,7.376151084899902344e-01,7.767898440361022949e-01,8.104814291000366211e-01,8.384569287300109863e-01,8.606661558151245117e-01,8.772253394126892090e-01,8.883985280990600586e-01,8.945735096931457520e-01,8.962408304214477539e-01,8.939712047576904297e-01,8.883916735649108887e-01,8.801559209823608398e-01,8.699100017547607422e-01,8.582576513290405273e-01,8.457298278808593750e-01,8.327595591545104980e-01,8.196637034416198730e-01,8.066285848617553711e-01,7.937028408050537109e-01,7.807992100715637207e-01,7.677062153816223145e-01,7.541083693504333496e-01,7.396124005317687988e-01,7.237733006477355957e-01,7.061202526092529297e-01,6.861805915832519531e-01,6.635065674781799316e-01,6.377039551734924316e-01,6.084658503532409668e-01,5.756064057350158691e-01,5.390883088111877441e-01,4.990384876728057861e-01,4.557495117187500000e-01,4.096682071685791016e-01,3.613749742507934570e-01,3.115721940994262695e-01,2.610688805580139160e-01,2.107658833265304565e-01,1.616205871105194092e-01,1.146002560853958130e-01,7.064639031887054443e-02,3.065177425742149353e-02
1.000000000000000000e+00,9.963278770446777344e-01,9.853766560554504395e-01,9.674412608146667480e-01,9.430102109909057617e-01,9.127228856086730957e-01,8.773571252822875977e-01,8.378116488456726074e-01,7.950625419616699219e-01,7.501021623611450195e-01,7.038934230804443359e-01,6.573455333709716797e-01,6.112984418869018555e-01,5.665026307106018066e-01,5.235928893089294434e-01,4.830713272094726562e-01,4.452921748161315918e-01,4.104512333869934082e-01,3.785906434059143066e-01,3.496115505695343018e-01,3.232987523078918457e-01,2.993363142013549805e-01,2.773292958736419678e-01,2.568333745002746582e-01,2.373899072408676147e-01,2.185585796833038330e-01,1.999458819627761841e-01,1.812299191951751709e-01,1.621854007244110107e-01,1.427033245563507080e-01,1.228093728423118591e-01,1.026704162359237671e-01,8.259259164333343506e-02,6.301053613424301147e-02,4.446815699338912964e-02,2.759435400366783142e-02,1.307382341474294662e-02,1.615476561710238457e-03,-6.078296341001987457e-03,-9.342082776129245758e-03,-7.577122654765844345e-03,-2.804603427648544312e-04,1.293006725609302521e-02,3.229723870754241943e-02,5.790723860263824463e-02,8.967063575983047485e-02,1.273044943809509277e-01,1.703293025493621826e-01,2.180896401405334473e-01,2.697876393795013428e-01,3.245128095149993896e-01,3.812688887119293213e-01,4.390030205249786377e-01,4.966474175453186035e-01,5.531541109085083008e-01,6.075214743614196777e-01,6.588142514228820801e-01,7.061912417411804199e-01,7.489381432533264160e-01,7.865025997161865234e-01,8.185160756111145020e-01,8.448003530502319336e-01,8.653575778007507324e-01,8.803521990776062012e-01,8.900898098945617676e-01,8.949950933456420898e-01,8.955873250961303711e-01,8.924607038497924805e-01,8.862548470497131348e-01,8.776251673698425293e-01,8.672065138816833496e-01,8.555799126625061035e-01,8.432420492172241211e-01,8.305850625038146973e-01,8.178778886795043945e-01,8.052532672882080078e-01,7.927065491676330566e-01,7.800980806350708008e-01,7.671708464622497559e-01,7.535710334777832031e-01,7.388768792152404785e-01,7.226251959800720215e-01,7.043372988700866699e-01,6.835442781448364258e-01,6.598130464553833008e-01,6.327789425849914551e-01,6.021800637245178223e-01,5.678877830505371094e-01,5.299351215362548828e-01,4.885217547416687012e-01,4.440148472785949707e-01,3.969268202781677246e-01,3.479002714157104492e-01,2.976924777030944824e-01,2.471625208854675293e-01,1.972465664148330688e-01,1.489199548959732056e-01,1.031505838036537170e-01,6.086805090308189392e-02,2.294847182929515839e-02
1.000000000000000000e+00,9.963265657424926758e-01,9.853729605674743652e-01,9.674375057220458984e-01,9.430124163627624512e-01,9.127413630485534668e-01,8.774092197418212891e-01,8.379235267639160156e-01,7.952685952186584473e-01,7.504433989524841309e-01,7.044145464897155762e-01,6.580922603607177734e-01,6.123170256614685059e-01,5.678349137306213379e-01,5.252730250358581543e-01,4.851263165473937988e-01,4.477347731590270996e-01,4.132853448390960693e-01,3.818048536777496338e-01,3.531841635704040527e-01,3.271954059600830078e-01,3.035117983818054199e-01,2.817281186580657959e-01,2.613945305347442627e-01,2.420507073402404785e-01,2.232585251331329346e-01,2.046302407979965210e-01,1.858551502227783203e-01,1.667219549417495728e-01,1.471406668424606323e-01,1.271581798791885376e-01,1.069652512669563293e-01,8.689170330762863159e-02,6.739509850740432739e-02,4.903969168663024902e-02,3.247043117880821228e-02,1.838314719498157501e-02,7.492053788155317307e-03,4.989332519471645355e-04,-1.937930705025792122e-03,7.668510079383850098e-04,9.096502326428890228e-03,2.340838313102722168e-02,4.391590505838394165e-02,7.067157328128814697e-02,1.035466045141220093e-01,1.422133892774581909e-01,1.861473619937896729e-01,2.346541583538055420e-01,2.869023680686950684e-01,3.419543206691741943e-01,3.987903892993927002e-01,4.563451409339904785e-01,5.135469436645507812e-01,5.693518519401550293e-01,6.227697730064392090e-01,6.728854179382324219e-01,7.188861966133117676e-01,7.600994110107421875e-01,7.960217595100402832e-01,8.263397812843322754e-01,8.509299159049987793e-01,8.698450326919555664e-01,8.832960724830627441e-01,8.916289806365966797e-01,8.953034281730651855e-01,8.948661684989929199e-01,8.909301161766052246e-01,8.841456174850463867e-01,8.751653432846069336e-01,8.646091222763061523e-01,8.530308008193969727e-01,8.408910036087036133e-01,8.285375833511352539e-01,8.161901235580444336e-01,8.039283752441406250e-01,7.916943430900573730e-01,7.792983055114746094e-01,7.664396166801452637e-01,7.527308464050292969e-01,7.377257943153381348e-01,7.209483385086059570e-01,7.019162774085998535e-01,6.801689267158508301e-01,6.552945971488952637e-01,6.269641518592834473e-01,5.949667096138000488e-01,5.592376589775085449e-01,5.198818445205688477e-01,4.771749973297119141e-01,4.315548241138458252e-01,3.835985362529754639e-01,3.340059518814086914e-01,2.835877537727355957e-01,2.332466840744018555e-01,1.839486807584762573e-01,1.366782635450363159e-01,9.239508956670761108e-02,5.201741307973861694e-02,1.639739610254764557e-02
1.000000000000000000e+00,9.963253736495971680e-01,9.853696823120117188e-01,9.674344658851623535e-01,9.430156946182250977e-01,9.127616882324218750e-01,8.774641752243041992e-01,8.380395174026489258e-01,7.954807877540588379e-01,7.507926225662231445e-01,7.049453258514404297e-01,6.588512659072875977e-01,6.133500337600708008e-01,5.691831111907958984e-01,5.269730687141418457e-01,4.872021079063415527e-01,4.502021968364715576e-01,4.161456525325775146e-01,3.850483000278472900e-01,3.567882180213928223e-01,3.311267495155334473e-01,3.077242076396942139e-01,2.861672043800354004e-01,2.660004496574401855e-01,2.467612922191619873e-01,2.280153483152389526e-01,2.093813568353652954e-01,1.905593723058700562e-01,1.713530123233795166e-01,1.516915559768676758e-01,1.316436529159545898e-01,1.114235147833824158e-01,9.138531982898712158e-02,7.200855016708374023e-02,5.387705937027931213e-02,3.765116631984710693e-02,2.403671666979789734e-02,1.375198177993297577e-02,7.496823091059923172e-03,5.921098869293928146e-03,9.595066308975219727e-03,1.898109726607799530e-02,3.441048786044120789e-02,5.606724321842193604e-02,8.396858721971511841e-02,1.179440841078758240e-01,1.576211452484130859e-01,2.024309039115905762e-01,2.516407966613769531e-01,3.043871521949768066e-01,3.597052693367004395e-01,4.165556728839874268e-01,4.738612771034240723e-01,5.305485725402832031e-01,5.855813622474670410e-01,6.379826068878173828e-01,6.868586540222167969e-01,7.314301729202270508e-01,7.710677981376647949e-01,8.053203225135803223e-01,8.339304327964782715e-01,8.568264842033386230e-01,8.741125464439392090e-01,8.860443234443664551e-01,8.930066823959350586e-01,8.954907059669494629e-01,8.940694928169250488e-01,8.893731236457824707e-01,8.820570111274719238e-01,8.727676272392272949e-01,8.621053695678710938e-01,8.505942821502685547e-01,8.386558294296264648e-01,8.265922069549560547e-01,8.145709037780761719e-01,8.026199936866760254e-01,7.906278371810913086e-01,7.783583998680114746e-01,7.654705047607421875e-01,7.515470981597900391e-01,7.361217737197875977e-01,7.187093496322631836e-01,6.988300085067749023e-01,6.760366559028625488e-01,6.499444246292114258e-01,6.202665567398071289e-01,5.868487954139709473e-01,5.496968626976013184e-01,5.089883804321289062e-01,4.650748968124389648e-01,4.184620082378387451e-01,3.697889745235443115e-01,3.198102414608001709e-01,2.693863809108734131e-01,2.194579541683197021e-01,1.710114330053329468e-01,1.250323802232742310e-01,8.247235417366027832e-02,4.422815889120101929e-02,1.112272869795560837e-02
1.000000000000000000e+00,9.963241815567016602e-01,9.853666424751281738e-01,9.674322605133056641e-01,9.430203437805175781e-01,9.127842187881469727e-01,8.775227069854736328e-01,8.381606936454772949e-01,7.956995964050292969e-01,7.511506676673889160e-01,7.054871916770935059e-01,6.596233844757080078e-01,6.143983602523803711e-01,5.705500841140747070e-01,5.286927819252014160e-01,4.893001616001129150e-01,4.526934623718261719e-01,4.190322756767272949e-01,3.883209824562072754e-01,3.604245781898498535e-01,3.350920975208282471e-01,3.119733929634094238e-01,2.906468212604522705e-01,2.706502676010131836e-01,2.515214979648590088e-01,2.328285723924636841e-01,2.141979187726974487e-01,1.953410655260086060e-01,1.760768890380859375e-01,1.563543379306793213e-01,1.362636983394622803e-01,1.160435304045677185e-01,9.607093036174774170e-02,7.684768736362457275e-02,5.897632241249084473e-02,4.313148930668830872e-02,3.002819418907165527e-02,2.038753405213356018e-02,1.490587089210748672e-02,1.422329526394605637e-02,1.889377646148204803e-02,2.935733087360858917e-02,4.591882228851318359e-02,6.873071938753128052e-02,9.777438640594482422e-02,1.328367143869400024e-01,1.734984964132308960e-01,2.191476970911026001e-01,2.690147459506988525e-01,3.222049474716186523e-01,3.777273893356323242e-01,4.345244765281677246e-01,4.915103018283843994e-01,5.476124286651611328e-01,6.018028855323791504e-01,6.531208753585815430e-01,7.006973028182983398e-01,7.437890768051147461e-01,7.818138003349304199e-01,8.143738508224487305e-01,8.412662148475646973e-01,8.624730706214904785e-01,8.781467676162719727e-01,8.885859251022338867e-01,8.942131996154785156e-01,8.955498933792114258e-01,8.931919336318969727e-01,8.877834081649780273e-01,8.799818158149719238e-01,8.704227209091186523e-01,8.596836924552917480e-01,8.482543826103210449e-01,8.365160226821899414e-01,8.247222900390625000e-01,8.129900693893432617e-01,8.012930750846862793e-01,7.894699573516845703e-01,7.772392630577087402e-01,7.642244696617126465e-01,7.499815821647644043e-01,7.340297698974609375e-01,7.158792018890380859e-01,6.950564980506896973e-01,6.711341738700866699e-01,6.437613368034362793e-01,6.126999258995056152e-01,5.778580904006958008e-01,5.393128991127014160e-01,4.973201751708984375e-01,4.523026049137115479e-01,4.048341512680053711e-01,3.556095659732818604e-01,3.054355382919311523e-01,2.552193701267242432e-01,2.059322744607925415e-01,1.585723012685775757e-01,1.141214221715927124e-01,7.351516932249069214e-02,3.762670978903770447e-02,7.236279081553220749e-03
1.000000000000000000e+00,9.963230490684509277e-01,9.853638410568237305e-01,9.674305915832519531e-01,9.430263042449951172e-01,9.128091335296630859e-01,8.775847554206848145e-01,8.382873535156250000e-01,7.959256768226623535e-01,7.515178918838500977e-01,7.060402631759643555e-01,6.604090332984924316e-01,6.154625415802001953e-01,5.719351172447204590e-01,5.304335355758666992e-01,4.914216101169586182e-01,4.552101194858551025e-01,4.219466149806976318e-01,3.916226625442504883e-01,3.640926480293273926e-01,3.390920162200927734e-01,3.162600994110107422e-01,2.951658666133880615e-01,2.753435671329498291e-01,2.563300728797912598e-01,2.376966923475265503e-01,2.190789729356765747e-01,2.001990675926208496e-01,1.808926761150360107e-01,1.611273884773254395e-01,1.410167813301086426e-01,1.208227127790451050e-01,1.009454727172851562e-01,8.190847933292388916e-02,6.433253735303878784e-02,4.890591278672218323e-02,3.635076433420181274e-02,2.739031240344047546e-02,2.271614223718643188e-02,2.295689284801483154e-02,2.864886447787284851e-02,4.020880907773971558e-02,5.791384354233741760e-02,8.188499510288238525e-02,1.120653748512268066e-01,1.481975317001342773e-01,1.898155659437179565e-01,2.362654954195022583e-01,2.867411971092224121e-01,3.403186202049255371e-01,3.959818482398986816e-01,4.526572823524475098e-01,5.092523694038391113e-01,5.646981000900268555e-01,6.179767847061157227e-01,6.681459546089172363e-01,7.143654823303222656e-01,7.559310197830200195e-01,7.923093438148498535e-01,8.231577277183532715e-01,8.483268618583679199e-01,8.678524494171142578e-01,8.819332122802734375e-01,8.909098505973815918e-01,8.952400088310241699e-01,8.954737186431884766e-01,8.922274708747863770e-01,8.861553072929382324e-01,8.779130578041076660e-01,8.681209087371826172e-01,8.573299050331115723e-01,8.459935784339904785e-01,8.344490528106689453e-01,8.229022026062011719e-01,8.114160895347595215e-01,7.999133467674255371e-01,7.881830334663391113e-01,7.759028077125549316e-01,7.626630067825317383e-01,7.479986548423767090e-01,7.314179539680480957e-01,7.124314308166503906e-01,6.905785202980041504e-01,6.654555201530456543e-01,6.367524266242980957e-01,6.042859554290771484e-01,5.680312514305114746e-01,5.281419157981872559e-01,4.849498569965362549e-01,4.389494359493255615e-01,3.907727003097534180e-01,3.411726653575897217e-01,2.910060286521911621e-01,2.412178665399551392e-01,1.928050071001052856e-01,1.467677503824234009e-01,1.040786951780319214e-01,6.565359979867935181e-02,3.233162313699722290e-02,4.841008223593235016e-03
1.000000000000000000e+00,9.963219761848449707e-01,9.853616356849670410e-01,9.674299955368041992e-01,9.430341124534606934e-01,9.128369092941284180e-01,8.776509165763854980e-01,8.384194970130920410e-01,7.961598038673400879e-01,7.518949508666992188e-01,7.066054940223693848e-01,6.612089872360229492e-01,6.165437698364257812e-01,5.733392834663391113e-01,5.321950912475585938e-01,4.935665726661682129e-01,4.577521383762359619e-01,4.248887002468109131e-01,3.949550688266754150e-01,3.677930235862731934e-01,3.431261777877807617e-01,3.205832839012145996e-01,2.997241914272308350e-01,2.800796926021575928e-01,2.611857652664184570e-01,2.426198869943618774e-01,2.240233570337295532e-01,2.051321566104888916e-01,1.857982277870178223e-01,1.660087704658508301e-01,1.459004282951354980e-01,1.257582306861877441e-01,1.060056760907173157e-01,8.718730509281158447e-02,6.994133442640304565e-02,5.496836826205253601e-02,4.299725219607353210e-02,3.475164994597434998e-02,3.091695345938205719e-02,3.210923448204994202e-02,3.884555026888847351e-02,5.151858180761337280e-02,7.037703692913055420e-02,9.550870209932327271e-02,1.268170028924942017e-01,1.639990657567977905e-01,2.065425515174865723e-01,2.537513971328735352e-01,3.047854900360107422e-01,3.586913347244262695e-01,4.144305586814880371e-01,4.709148705005645752e-01,5.270476341247558594e-01,5.817657113075256348e-01,6.340642571449279785e-01,6.830218434333801270e-01,7.278292179107666016e-01,7.678251266479492188e-01,8.025279641151428223e-01,8.316488862037658691e-01,8.550941348075866699e-01,8.729494214057922363e-01,8.854598402976989746e-01,8.930060863494873047e-01,8.960794806480407715e-01,8.952562212944030762e-01,8.911702036857604980e-01,8.844823837280273438e-01,8.758424520492553711e-01,8.658517003059387207e-01,8.550301194190979004e-01,8.437933921813964844e-01,8.324329257011413574e-01,8.211042881011962891e-01,8.098183870315551758e-01,7.984465360641479492e-01,7.867314815521240234e-01,7.743121981620788574e-01,7.607509493827819824e-01,7.455654144287109375e-01,7.282582521438598633e-01,7.083453536033630371e-01,6.853826045989990234e-01,6.589987277984619141e-01,6.289289593696594238e-01,5.950511693954467773e-01,5.574139952659606934e-01,5.162469148635864258e-01,4.719570279121398926e-01,4.251061379909515381e-01,3.763846755027770996e-01,3.265974223613739014e-01,2.766475677490234375e-01,2.275152951478958130e-01,1.802100092172622681e-01,1.357305198907852173e-01,9.503341466188430786e-02,5.900816246867179871e-02,2.845001406967639923e-02,4.023281857371330261e-03
1.000000000000000000e+00,9.963211417198181152e-01,9.853596091270446777e-01,9.674302935600280762e-01,9.430435895919799805e-01,9.128674268722534180e-01,8.777216076850891113e-01,8.385577797889709473e-01,7.964019179344177246e-01,7.522823810577392578e-01,7.071832418441772461e-01,6.620241999626159668e-01,6.176422238349914551e-01,5.747630596160888672e-01,5.339789390563964844e-01,4.957350194454193115e-01,4.603205025196075439e-01,4.278594255447387695e-01,3.983184397220611572e-01,3.715260326862335205e-01,3.471950590610504150e-01,3.249425888061523438e-01,3.043213486671447754e-01,2.848574221134185791e-01,2.660883963108062744e-01,2.475952953100204468e-01,2.290291786193847656e-01,2.101388424634933472e-01,1.907916814088821411e-01,1.709964871406555176e-01,1.509120464324951172e-01,1.308471411466598511e-01,1.112480759620666504e-01,9.267979860305786133e-02,7.579722255468368530e-02,6.131233647465705872e-02,4.995995014905929565e-02,4.246220365166664124e-02,3.949753940105438232e-02,4.166772961616516113e-02,4.946934804320335388e-02,6.326973438262939453e-02,8.328865468502044678e-02,1.095797866582870483e-01,1.420048773288726807e-01,1.802142709493637085e-01,2.236489802598953247e-01,2.715730965137481689e-01,3.231127560138702393e-01,3.772867619991302490e-01,4.330352842807769775e-01,4.892574846744537354e-01,5.448566675186157227e-01,5.987764000892639160e-01,6.500275135040283203e-01,6.977120041847229004e-01,7.410557866096496582e-01,7.794426679611206055e-01,8.124442100524902344e-01,8.398268818855285645e-01,8.615498542785644531e-01,8.777496218681335449e-01,8.887152075767517090e-01,8.948661684989929199e-01,8.967247605323791504e-01,8.948913812637329102e-01,8.900151252746582031e-01,8.827593326568603516e-01,8.737629652023315430e-01,8.636041879653930664e-01,8.527703881263732910e-01,8.416355252265930176e-01,8.304446935653686523e-01,8.193020224571228027e-01,8.081662654876708984e-01,7.968590259552001953e-01,7.850795388221740723e-01,7.724319100379943848e-01,7.584543824195861816e-01,7.426515817642211914e-01,7.245257496833801270e-01,7.036026120185852051e-01,6.794614791870117188e-01,6.517677903175354004e-01,6.203099489212036133e-01,5.850319266319274902e-01,5.460576415061950684e-01,5.036963224411010742e-01,4.584264755249023438e-01,4.108717143535614014e-01,3.617784082889556885e-01,3.120017051696777344e-01,2.624880075454711914e-01,2.142419219017028809e-01,1.682798415422439575e-01,1.255906671285629272e-01,8.711008727550506592e-02,5.369234830141067505e-02,2.607809193432331085e-02,4.855808801949024200e-03
1.000000000000000000e+00,9.963203668594360352e-01,9.853579401969909668e-01,9.674313664436340332e-01,9.430547356605529785e-01,9.129006862640380859e-01,8.777965903282165527e-01,8.387026786804199219e-01,7.966527938842773438e-01,7.526809573173522949e-01,7.077739834785461426e-01,6.628546118736267090e-01,6.187582612037658691e-01,5.762072801589965820e-01,5.357853770256042480e-01,4.979289472103118896e-01,4.629157185554504395e-01,4.308588504791259766e-01,4.017120301723480225e-01,3.752914369106292725e-01,3.512979447841644287e-01,3.293381333351135254e-01,3.089567124843597412e-01,2.896765768527984619e-01,2.710364460945129395e-01,2.526226341724395752e-01,2.340959310531616211e-01,2.152171134948730469e-01,1.958713531494140625e-01,1.760883927345275879e-01,1.560494303703308105e-01,1.360865235328674316e-01,1.166689693927764893e-01,9.838138520717620850e-02,8.189467340707778931e-02,6.793161481618881226e-02,5.723084136843681335e-02,5.051285400986671448e-02,4.844679310917854309e-02,5.161880701780319214e-02,6.050452217459678650e-02,7.544478029012680054e-02,9.662961959838867188e-02,1.240764334797859192e-01,1.576044112443923950e-01,1.968152225017547607e-01,2.411045432090759277e-01,2.896972000598907471e-01,3.416877686977386475e-01,3.960673809051513672e-01,4.517571032047271729e-01,5.076468586921691895e-01,5.626404285430908203e-01,6.156920194625854492e-01,6.658294796943664551e-01,7.121819853782653809e-01,7.540133595466613770e-01,7.907559871673583984e-01,8.220344185829162598e-01,8.476707339286804199e-01,8.676779270172119141e-01,8.822395801544189453e-01,8.916889429092407227e-01,8.964813351631164551e-01,8.971692919731140137e-01,8.943746089935302734e-01,8.887577056884765625e-01,8.809804320335388184e-01,8.716662526130676270e-01,8.613675832748413086e-01,8.505353331565856934e-01,8.395010828971862793e-01,8.284611105918884277e-01,8.174678087234497070e-01,8.064295053482055664e-01,7.951182126998901367e-01,7.831940054893493652e-01,7.702289819717407227e-01,7.557418942451477051e-01,7.392306327819824219e-01,7.201997041702270508e-01,6.981909275054931641e-01,6.728127598762512207e-01,6.437733173370361328e-01,6.109205484390258789e-01,5.742694735527038574e-01,5.340229272842407227e-01,4.905658662319183350e-01,4.444465339183807373e-01,3.963465094566345215e-01,3.470664322376251221e-01,2.975087165832519531e-01,2.486556023359298706e-01,2.015288323163986206e-01,1.571433842182159424e-01,1.164729818701744080e-01,8.042528480291366577e-02,4.980875924229621887e-02,2.529623545706272125e-02,7.398142013698816299e-03
1.000000000000000000e+00,9.963194727897644043e-01,9.853568673133850098e-01,9.674334526062011719e-01,9.430679082870483398e-01,9.129374027252197266e-01,8.778764009475708008e-01,8.388543725013732910e-01,7.969124913215637207e-01,7.530900239944458008e-01,7.083781957626342773e-01,6.637009382247924805e-01,6.198929548263549805e-01,5.776722431182861328e-01,5.376141071319580078e-01,5.001473426818847656e-01,4.655383229255676270e-01,4.338872134685516357e-01,4.051367640495300293e-01,3.790897130966186523e-01,3.554354310035705566e-01,3.337694108486175537e-01,3.136295974254608154e-01,2.945359349250793457e-01,2.760291695594787598e-01,2.577009499073028564e-01,2.392212599515914917e-01,2.203652411699295044e-01,2.010353654623031616e-01,1.812818199396133423e-01,1.613089591264724731e-01,1.414726823568344116e-01,1.222638189792633057e-01,1.042869612574577332e-01,8.822797238826751709e-02,7.481887191534042358e-02,6.480179727077484131e-02,5.889363214373588562e-02,5.775313451886177063e-02,6.194958835840225220e-02,7.193587720394134521e-02,8.802626281976699829e-02,1.103798449039459229e-01,1.389765590429306030e-01,1.735902577638626099e-01,2.137740701436996460e-01,2.588788866996765137e-01,3.080917298793792725e-01,3.604759871959686279e-01,4.149973392486572266e-01,4.705586433410644531e-01,5.260438919067382812e-01,5.803608298301696777e-01,6.324746608734130859e-01,6.814344525337219238e-01,7.263989448547363281e-01,7.666726112365722656e-01,8.017389178276062012e-01,8.312766551971435547e-01,8.551634550094604492e-01,8.734632730484008789e-01,8.864080309867858887e-01,8.943718671798706055e-01,8.978453278541564941e-01,8.974084854125976562e-01,8.937020897865295410e-01,8.873934745788574219e-01,8.791391253471374512e-01,8.695443868637084961e-01,8.591303825378417969e-01,8.483104705810546875e-01,8.373709321022033691e-01,8.264594078063964844e-01,8.155758380889892578e-01,8.045775890350341797e-01,7.931926250457763672e-01,7.810419201850891113e-01,7.676719427108764648e-01,7.525860071182250977e-01,7.352783083915710449e-01,7.152629494667053223e-01,6.921019554138183594e-01,6.654384732246398926e-01,6.350314021110534668e-01,6.007919311523437500e-01,5.628119707107543945e-01,5.213736295700073242e-01,4.769356846809387207e-01,4.301099479198455811e-01,3.816354870796203613e-01,3.323637545108795166e-01,2.832407057285308838e-01,2.352774143218994141e-01,1.895039677619934082e-01,1.469258368015289307e-01,1.084969118237495422e-01,7.508710026741027832e-02,4.744753614068031311e-02,2.617563493549823761e-02,1.169354747980833054e-02
1.000000000000000000e+00,9.963189363479614258e-01,9.853560924530029297e-01,9.674366712570190430e-01,9.430829882621765137e-01,9.129772782325744629e-01,8.779610991477966309e-01,8.390133380889892578e-01,7.971820235252380371e-01,7.535114884376525879e-01,7.089971303939819336e-01,6.645640730857849121e-01,6.210467219352722168e-01,5.791583657264709473e-01,5.394673943519592285e-01,5.023916363716125488e-01,4.681876301765441895e-01,4.369447827339172363e-01,4.085922837257385254e-01,3.829205036163330078e-01,3.596063852310180664e-01,3.382356166839599609e-01,3.183386027812957764e-01,2.994344234466552734e-01,2.810650467872619629e-01,2.628282904624938965e-01,2.444042861461639404e-01,2.255817651748657227e-01,2.062812000513076782e-01,1.865743249654769897e-01,1.666884273290634155e-01,1.470020264387130737e-01,1.280287355184555054e-01,1.103915646672248840e-01,9.479087591171264648e-02,8.196718990802764893e-02,7.266449183225631714e-02,6.759460270404815674e-02,6.740482896566390991e-02,7.264611124992370605e-02,8.374768495559692383e-02,1.009967923164367676e-01,1.245197877287864685e-01,1.542579978704452515e-01,1.899372935295104980e-01,2.310628890991210938e-01,2.769412398338317871e-01,3.267237544059753418e-01,3.794424533843994141e-01,4.340394735336303711e-01,4.894025325775146484e-01,5.444115400314331055e-01,5.979799628257751465e-01,6.490886211395263672e-01,6.968078613281250000e-01,7.403303980827331543e-01,7.790051698684692383e-01,8.123668432235717773e-01,8.401502966880798340e-01,8.622867465019226074e-01,8.788921833038330078e-01,8.902436494827270508e-01,8.967560529708862305e-01,8.989521265029907227e-01,8.974380493164062500e-01,8.928698897361755371e-01,8.859189152717590332e-01,8.772310018539428711e-01,8.673889040946960449e-01,8.568809032440185547e-01,8.460799455642700195e-01,8.352260589599609375e-01,8.244160413742065430e-01,8.135986924171447754e-01,8.025823831558227539e-01,7.910515069961547852e-01,7.785935997962951660e-01,7.647319436073303223e-01,7.489602565765380859e-01,7.307747602462768555e-01,7.097031474113464355e-01,6.853325366973876953e-01,6.573479175567626953e-01,6.255642771720886230e-01,5.899635553359985352e-01,5.507165193557739258e-01,5.081815123558044434e-01,4.628899693489074707e-01,4.155143201351165771e-01,3.668461441993713379e-01,3.177873492240905762e-01,2.693209052085876465e-01,2.224792689085006714e-01,1.782918274402618408e-01,1.377482116222381592e-01,1.017746552824974060e-01,7.119309157133102417e-02,4.668589681386947632e-02,2.876965329051017761e-02,1.777224242687225342e-02
1.000000000000000000e+00,9.963183403015136719e-01,9.853559136390686035e-01,9.674411416053771973e-01,9.431002736091613770e-01,9.130206704139709473e-01,8.780513405799865723e-01,8.391793966293334961e-01,7.974606752395629883e-01,7.539451718330383301e-01,7.096300721168518066e-01,6.654441952705383301e-01,6.222203373908996582e-01,5.806664228439331055e-01,5.413439869880676270e-01,5.046616792678833008e-01,4.708654582500457764e-01,4.400324523448944092e-01,4.120791256427764893e-01,3.867838978767395020e-01,3.638109862804412842e-01,3.427363038063049316e-01,3.230845630168914795e-01,3.043715357780456543e-01,2.861429750919342041e-01,2.680034637451171875e-01,2.496428340673446655e-01,2.308639734983444214e-01,2.116068154573440552e-01,1.919631659984588623e-01,1.721839606761932373e-01,1.526709347963333130e-01,1.339590400457382202e-01,1.166899576783180237e-01,1.015773564577102661e-01,8.936934173107147217e-02,8.081015199422836304e-02,7.660569250583648682e-02,7.739005237817764282e-02,8.369485288858413696e-02,9.592489153146743774e-02,1.143386736512184143e-01,1.390297561883926392e-01,1.698978990316390991e-01,2.066204994916915894e-01,2.486537396907806396e-01,2.952614128589630127e-01,3.455599546432495117e-01,3.985522389411926270e-01,4.531576931476593018e-01,5.082518458366394043e-01,5.627124309539794922e-01,6.154618859291076660e-01,6.654976010322570801e-01,7.119160294532775879e-01,7.539463043212890625e-01,7.909839749336242676e-01,8.226174712181091309e-01,8.486362099647521973e-01,8.690260648727416992e-01,8.839525580406188965e-01,8.937377333641052246e-01,8.988342881202697754e-01,8.997973799705505371e-01,8.972546458244323730e-01,8.918755054473876953e-01,8.843302130699157715e-01,8.752502799034118652e-01,8.651918768882751465e-01,8.546078801155090332e-01,8.438286781311035156e-01,8.330470323562622070e-01,8.223084807395935059e-01,8.115109801292419434e-01,8.004152178764343262e-01,7.886654734611511230e-01,7.758193016052246094e-01,7.613822221755981445e-01,7.448430061340332031e-01,7.257036566734313965e-01,7.035106420516967773e-01,6.778840422630310059e-01,6.485548615455627441e-01,6.154016852378845215e-01,5.784804224967956543e-01,5.380420088768005371e-01,4.945225715637207031e-01,4.485177993774414062e-01,4.007585346698760986e-01,3.520883917808532715e-01,3.034550249576568604e-01,2.558738291263580322e-01,2.103856056928634644e-01,1.680133491754531860e-01,1.297256201505661011e-01,9.640882909297943115e-02,6.882776319980621338e-02,4.758903384208679199e-02,3.312127292156219482e-02,2.565097622573375702e-02
1.000000000000000000e+00,9.963179230690002441e-01,9.853560924530029297e-01,9.674465060234069824e-01,9.431196451187133789e-01,9.130675792694091797e-01,8.781467080116271973e-01,8.393528461456298828e-01,7.977495789527893066e-01,7.543907165527343750e-01,7.102781534194946289e-01,6.663415431976318359e-01,6.234131455421447754e-01,5.821963548660278320e-01,5.432449579238891602e-01,5.069577693939208984e-01,4.735715985298156738e-01,4.431502819061279297e-01,4.155974984169006348e-01,3.906795978546142578e-01,3.680487573146820068e-01,3.472710847854614258e-01,3.278648853302001953e-01,3.093459308147430420e-01,2.912622392177581787e-01,2.732251286506652832e-01,2.549354135990142822e-01,2.362111955881118774e-01,2.170098572969436646e-01,1.974454969167709351e-01,1.777925044298171997e-01,1.584751605987548828e-01,1.400503516197204590e-01,1.231766566634178162e-01,1.085810512304306030e-01,9.701772034168243408e-02,8.923021703958511353e-02,8.591691404581069946e-02,8.769714087247848511e-02,9.508206695318222046e-02,1.084513589739799500e-01,1.280347555875778198e-01,1.538902968168258667e-01,1.858742088079452515e-01,2.236146628856658936e-01,2.665185034275054932e-01,3.138090372085571289e-01,3.645683825016021729e-01,4.177715480327606201e-01,4.723170995712280273e-01,5.270695090293884277e-01,5.809098482131958008e-01,6.327704787254333496e-01,6.816679835319519043e-01,7.267275452613830566e-01,7.672181725502014160e-01,8.025845885276794434e-01,8.324691653251647949e-01,8.567169308662414551e-01,8.753671646118164062e-01,8.886334300041198730e-01,8.968819379806518555e-01,9.006019830703735352e-01,9.003770947456359863e-01,8.968566060066223145e-01,8.907172083854675293e-01,8.826246857643127441e-01,8.731918334960937500e-01,8.629450201988220215e-01,8.522995114326477051e-01,8.415416479110717773e-01,8.308151960372924805e-01,8.201143145561218262e-01,8.092874288558959961e-01,7.980490326881408691e-01,7.860065102577209473e-01,7.726925611495971680e-01,7.575988769531250000e-01,7.402143478393554688e-01,7.200515270233154297e-01,6.966812610626220703e-01,6.697624921798706055e-01,6.390789747238159180e-01,6.045774221420288086e-01,5.663939118385314941e-01,5.248566865921020508e-01,4.804765880107879639e-01,4.339109957218170166e-01,3.859457969665527344e-01,3.374757766723632812e-01,2.894877195358276367e-01,2.430204004049301147e-01,1.991172730922698975e-01,1.587855666875839233e-01,1.229648292064666748e-01,9.249448776245117188e-02,6.806840002536773682e-02,5.021018534898757935e-02,3.925646841526031494e-02,3.533623740077018738e-02
1.000000000000000000e+00,9.963176846504211426e-01,9.853566884994506836e-01,9.674534797668457031e-01,9.431409239768981934e-01,9.131181240081787109e-01,8.782475590705871582e-01,8.395343422889709473e-01,7.980484962463378906e-01,7.548493146896362305e-01,7.109412550926208496e-01,6.672563552856445312e-01,6.246266365051269531e-01,5.837490558624267578e-01,5.451707243919372559e-01,5.092809200286865234e-01,4.763058423995971680e-01,4.462978839874267578e-01,4.191471636295318604e-01,3.946081101894378662e-01,3.723192214965820312e-01,3.518393933773040771e-01,3.326798975467681885e-01,3.143562972545623779e-01,2.964208424091339111e-01,2.784914672374725342e-01,2.602801918983459473e-01,2.416201680898666382e-01,2.224877178668975830e-01,2.030189484357833862e-01,1.835108399391174316e-01,1.644113361835479736e-01,1.462974250316619873e-01,1.298464834690093994e-01,1.157959699630737305e-01,1.049052327871322632e-01,9.791624546051025391e-02,9.551814198493957520e-02,9.831444919109344482e-02,1.067944616079330444e-01,1.213121563196182251e-01,1.420675665140151978e-01,1.690816581249237061e-01,2.021647989749908447e-01,2.408943176269531250e-01,2.846296727657318115e-01,3.325540125370025635e-01,3.837170004844665527e-01,4.370660781860351562e-01,4.914814531803131104e-01,5.458204150199890137e-01,5.989682674407958984e-01,6.498709917068481445e-01,6.975665688514709473e-01,7.412124872207641602e-01,7.801195383071899414e-01,8.137837648391723633e-01,8.419028520584106445e-01,8.643769621849060059e-01,8.812970519065856934e-01,8.929255008697509766e-01,8.996697664260864258e-01,9.020540714263916016e-01,9.006896615028381348e-01,8.962422013282775879e-01,8.893936276435852051e-01,8.807992935180664062e-01,8.710500597953796387e-01,8.606400489807128906e-01,8.499442338943481445e-01,8.392037153244018555e-01,8.285119533538818359e-01,8.178122639656066895e-01,8.069031238555908203e-01,7.954572439193725586e-01,7.830491065979003906e-01,7.691884636878967285e-01,7.533606290817260742e-01,7.350571751594543457e-01,7.138091921806335449e-01,6.892159581184387207e-01,6.609799861907958984e-01,6.289462447166442871e-01,5.931345820426940918e-01,5.537605285644531250e-01,5.112324953079223633e-01,4.661274254322052002e-01,4.191644787788391113e-01,3.711804449558258057e-01,3.231202661991119385e-01,2.760028243064880371e-01,2.308815419673919678e-01,1.887910962104797363e-01,1.507192701101303101e-01,1.175665855407714844e-01,9.011261165142059326e-02,6.897380948066711426e-02,5.458799749612808228e-02,4.719493910670280457e-02,4.681887477636337280e-02
1.000000000000000000e+00,9.963174462318420410e-01,9.853579998016357422e-01,9.674611091613769531e-01,9.431648850440979004e-01,9.131719470024108887e-01,8.783541321754455566e-01,8.397235870361328125e-01,7.983579039573669434e-01,7.553202509880065918e-01,7.116195559501647949e-01,6.681895852088928223e-01,6.258599162101745605e-01,5.853242874145507812e-01,5.471206903457641602e-01,5.116308331489562988e-01,4.790689349174499512e-01,4.494755864143371582e-01,4.227280914783477783e-01,3.985676765441894531e-01,3.766224384307861328e-01,3.564401566982269287e-01,3.375282287597656250e-01,3.194023072719573975e-01,3.016177415847778320e-01,2.838013172149658203e-01,2.656757831573486328e-01,2.470894306898117065e-01,2.280377000570297241e-01,2.086798250675201416e-01,1.893350481986999512e-01,1.704744994640350342e-01,1.526962816715240479e-01,1.366936564445495605e-01,1.232150718569755554e-01,1.130240261554718018e-01,1.068590506911277771e-01,1.053989157080650330e-01,1.092295572161674500e-01,1.188180968165397644e-01,1.344918906688690186e-01,1.564196050167083740e-01,1.845837831497192383e-01,2.187469154596328735e-01,2.584345638751983643e-01,3.029592335224151611e-01,3.514659404754638672e-01,4.029728472232818604e-01,4.564014375209808350e-01,5.106158852577209473e-01,5.644693374633789062e-01,6.168533563613891602e-01,6.667301058769226074e-01,7.131620049476623535e-01,7.553408741950988770e-01,7.926243543624877930e-01,8.245595693588256836e-01,8.509006500244140625e-01,8.716014623641967773e-01,8.868051171302795410e-01,8.968208432197570801e-01,9.020960330963134766e-01,9.031888246536254883e-01,9.007340669631958008e-01,8.954119086265563965e-01,8.879038095474243164e-01,8.788517117500305176e-01,8.688207268714904785e-01,8.582691550254821777e-01,8.475309610366821289e-01,8.367999196052551270e-01,8.261186480522155762e-01,8.153798580169677734e-01,8.043348789215087891e-01,7.926157712936401367e-01,7.797678112983703613e-01,7.652845978736877441e-01,7.486482262611389160e-01,7.293598651885986328e-01,7.069712877273559570e-01,6.811184883117675781e-01,6.515539884567260742e-01,6.181884407997131348e-01,5.811198353767395020e-01,5.406438708305358887e-01,4.972446858882904053e-01,4.515634179115295410e-01,4.043760895729064941e-01,3.565721511840820312e-01,3.091382980346679688e-01,2.631202042102813721e-01,2.195733487606048584e-01,1.795203089714050293e-01,1.439184099435806274e-01,1.136199608445167542e-01,8.933407068252563477e-02,7.159541547298431396e-02,6.075071543455123901e-02,5.693998560309410095e-02,6.008230149745941162e-02
1.000000000000000000e+00,9.963173866271972656e-01,9.853596687316894531e-01,9.674699902534484863e-01,9.431907534599304199e-01,9.132301807403564453e-01,8.784664869308471680e-01,8.399208188056945801e-01,7.986776828765869141e-01,7.558045387268066406e-01,7.123132944107055664e-01,6.691402792930603027e-01,6.271137595176696777e-01,5.869224667549133301e-01,5.490959882736206055e-01,5.140070915222167969e-01,4.818603694438934326e-01,4.526832699775695801e-01,4.263404607772827148e-01,4.025595188140869141e-01,3.809575438499450684e-01,3.610725104808807373e-01,3.424091935157775879e-01,3.244825601577758789e-01,3.068523705005645752e-01,2.891530096530914307e-01,2.711198627948760986e-01,2.526163756847381592e-01,2.336577773094177246e-01,2.144249975681304932e-01,1.952617168426513672e-01,1.766611635684967041e-01,1.592414826154708862e-01,1.437127292156219482e-01,1.308327168226242065e-01,1.213674098253250122e-01,1.160505488514900208e-01,1.155492812395095825e-01,1.204314082860946655e-01,1.311399787664413452e-01,1.479755043983459473e-01,1.710741668939590454e-01,2.003777921199798584e-01,2.355982512235641479e-01,2.762098014354705811e-01,3.214795589447021484e-01,3.705155849456787109e-01,4.223046898841857910e-01,4.757449328899383545e-01,5.296867489814758301e-01,5.829819440841674805e-01,6.345313787460327148e-01,6.833155155181884766e-01,7.284240126609802246e-01,7.690870761871337891e-01,8.047094941139221191e-01,8.348928689956665039e-01,8.594459891319274902e-01,8.783779144287109375e-01,8.918819427490234375e-01,9.003130793571472168e-01,9.041574597358703613e-01,9.040042757987976074e-01,9.005104899406433105e-01,8.943659663200378418e-01,8.862478733062744141e-01,8.767803311347961426e-01,8.664987683296203613e-01,8.558247089385986328e-01,8.450484871864318848e-01,8.343155384063720703e-01,8.236173987388610840e-01,8.127968907356262207e-01,8.015592098236083984e-01,7.895002365112304688e-01,7.761396765708923340e-01,7.609605789184570312e-01,7.434459924697875977e-01,7.231121063232421875e-01,6.995382905006408691e-01,6.723998188972473145e-01,6.415079236030578613e-01,6.068437099456787109e-01,5.685858726501464844e-01,5.271108150482177734e-01,4.829723834991455078e-01,4.368748068809509277e-01,3.896472752094268799e-01,3.422294557094573975e-01,2.956445515155792236e-01,2.509543001651763916e-01,2.092100828886032104e-01,1.714119762182235718e-01,1.384792178869247437e-01,1.112044975161552429e-01,9.021945297718048096e-02,7.597207278013229370e-02,6.871454417705535889e-02,6.848516315221786499e-02,7.510023564100265503e-02
1.000000000000000000e+00,9.963176846504211426e-01,9.853619337081909180e-01,9.674801826477050781e-01,9.432188868522644043e-01,9.132918119430541992e-01,8.785842061042785645e-01,8.401263356208801270e-01,7.990081906318664551e-01,7.563017010688781738e-01,7.130227684974670410e-01,6.701093316078186035e-01,6.283890604972839355e-01,5.885434746742248535e-01,5.510960817337036133e-01,5.164109468460083008e-01,4.846810400485992432e-01,4.559215307235717773e-01,4.299834966659545898e-01,4.065823554992675781e-01,3.853234052658081055e-01,3.657362163066864014e-01,3.473213911056518555e-01,3.295949995517730713e-01,3.121225237846374512e-01,2.945452034473419189e-01,2.766107618808746338e-01,2.581988573074340820e-01,2.393449097871780396e-01,2.202517241239547729e-01,2.012871205806732178e-01,1.829665005207061768e-01,1.659287959337234497e-01,1.508984267711639404e-01,1.386420130729675293e-01,1.299272924661636353e-01,1.254820078611373901e-01,1.259594708681106567e-01,1.319078058004379272e-01,1.437465846538543701e-01,1.617477387189865112e-01,1.860141605138778687e-01,2.164433151483535767e-01,2.526960372924804688e-01,2.941950857639312744e-01,3.401628434658050537e-01,3.896723389625549316e-01,4.416803121566772461e-01,4.950632154941558838e-01,5.486598610877990723e-01,6.013242602348327637e-01,6.519691944122314453e-01,6.995959281921386719e-01,7.433236837387084961e-01,7.824249267578125000e-01,8.163527846336364746e-01,8.447647094726562500e-01,8.675245642662048340e-01,8.846951127052307129e-01,8.965196013450622559e-01,9.033973813056945801e-01,9.058513641357421875e-01,9.045006036758422852e-01,9.000203013420104980e-01,8.931060433387756348e-01,8.844259977340698242e-01,8.745829463005065918e-01,8.640797138214111328e-01,8.532990217208862305e-01,8.424860239028930664e-01,8.317364454269409180e-01,8.209910988807678223e-01,8.100429177284240723e-01,7.985544204711914062e-01,7.860885262489318848e-01,7.721442580223083496e-01,7.561985850334167480e-01,7.377416491508483887e-01,7.163089513778686523e-01,6.915117502212524414e-01,6.630739569664001465e-01,6.308692097663879395e-01,5.949555039405822754e-01,5.555921196937561035e-01,5.132328271865844727e-01,4.684989750385284424e-01,4.221540689468383789e-01,3.750804364681243896e-01,3.282629549503326416e-01,2.827540338039398193e-01,2.396209686994552612e-01,1.999010443687438965e-01,1.645667105913162231e-01,1.344881951808929443e-01,1.103889420628547668e-01,9.281734377145767212e-02,8.213134855031967163e-02,7.848526537418365479e-02,8.181444555521011353e-02,9.183116257190704346e-02
1.000000000000000000e+00,9.963178038597106934e-01,9.853644967079162598e-01,9.674918055534362793e-01,9.432497024536132812e-01,9.133569598197937012e-01,8.787080645561218262e-01,8.403397798538208008e-01,7.993491888046264648e-01,7.568119168281555176e-01,7.137478590011596680e-01,6.710964441299438477e-01,6.296843886375427246e-01,5.901875495910644531e-01,5.531216263771057129e-01,5.188416838645935059e-01,4.875303208827972412e-01,4.591892957687377930e-01,4.336571693420410156e-01,4.106363654136657715e-01,3.897204697132110596e-01,3.704301118850708008e-01,3.522644937038421631e-01,3.347401320934295654e-01,3.174267113208770752e-01,2.999761104583740234e-01,2.821464538574218750e-01,2.638346254825592041e-01,2.450961023569107056e-01,2.261568903923034668e-01,2.074074745178222656e-01,1.893867850303649902e-01,1.727533787488937378e-01,1.582451015710830688e-01,1.466374248266220093e-01,1.386971026659011841e-01,1.351448595523834229e-01,1.366192996501922607e-01,1.436478644609451294e-01,1.566251218318939209e-01,1.757944673299789429e-01,2.012227624654769897e-01,2.327616661787033081e-01,2.700185775756835938e-01,3.123652935028076172e-01,3.589821457862854004e-01,4.089074432849884033e-01,4.610689878463745117e-01,5.143240094184875488e-01,5.675029158592224121e-01,6.194645166397094727e-01,6.691358089447021484e-01,7.155414223670959473e-01,7.578346133232116699e-01,7.953304648399353027e-01,8.275346755981445312e-01,8.541585803031921387e-01,8.751229047775268555e-01,8.905431628227233887e-01,9.007113575935363770e-01,9.060699939727783203e-01,9.071777462959289551e-01,9.046791791915893555e-01,8.992660045623779297e-01,8.916340470314025879e-01,8.824391365051269531e-01,8.722578883171081543e-01,8.615592122077941895e-01,8.506846427917480469e-01,8.398329615592956543e-01,8.290486931800842285e-01,8.182223439216613770e-01,8.070982098579406738e-01,7.952996492385864258e-01,7.823594212532043457e-01,7.677618861198425293e-01,7.509829998016357422e-01,7.315249443054199219e-01,7.089473605155944824e-01,6.829003691673278809e-01,6.531614661216735840e-01,6.196727752685546875e-01,5.825722813606262207e-01,5.422008037567138672e-01,4.990847706794738770e-01,4.539109170436859131e-01,4.074981510639190674e-01,3.607813119888305664e-01,3.147842884063720703e-01,2.705789208412170410e-01,2.292285561561584473e-01,1.917501389980316162e-01,1.590777635574340820e-01,1.320232897996902466e-01,1.112316548824310303e-01,9.716486185789108276e-02,9.008827805519104004e-02,9.005585312843322754e-02,9.689601510763168335e-02,1.102222427725791931e-01
1.000000000000000000e+00,9.963180422782897949e-01,9.853677749633789062e-01,9.675044417381286621e-01,9.432824254035949707e-01,9.134262800216674805e-01,8.788375854492187500e-01,8.405611515045166016e-01,7.997000813484191895e-01,7.573348879814147949e-01,7.144882678985595703e-01,6.721018552780151367e-01,6.310004591941833496e-01,5.918538570404052734e-01,5.551719665527343750e-01,5.212996006011962891e-01,4.904076457023620605e-01,4.624868333339691162e-01,4.373612105846405029e-01,4.147202372550964355e-01,3.941465020179748535e-01,3.751537203788757324e-01,3.572369217872619629e-01,3.399153649806976318e-01,3.227646350860595703e-01,3.054437637329101562e-01,2.877250611782073975e-01,2.695211172103881836e-01,2.509087622165679932e-01,2.321366965770721436e-01,2.136193513870239258e-01,1.959179341793060303e-01,1.797101646661758423e-01,1.657478660345077515e-01,1.548124253749847412e-01,1.476697027683258057e-01,1.450309902429580688e-01,1.475191414356231689e-01,1.556399464607238770e-01,1.697626262903213501e-01,1.901006847620010376e-01,2.166829854249954224e-01,2.493125796318054199e-01,2.875429093837738037e-01,3.306951820850372314e-01,3.779099881649017334e-01,4.281906783580780029e-01,4.804395437240600586e-01,5.334948301315307617e-01,5.861834287643432617e-01,6.373707056045532227e-01,6.860007643699645996e-01,7.311238646507263184e-01,7.719304561614990234e-01,8.077816963195800781e-01,8.382354378700256348e-01,8.630598783493041992e-01,8.822298049926757812e-01,8.959138989448547363e-01,9.044529795646667480e-01,9.083294868469238281e-01,9.081369638442993164e-01,9.045430421829223633e-01,8.982509374618530273e-01,8.899533748626708984e-01,8.802884221076965332e-01,8.698045015335083008e-01,8.589336276054382324e-01,8.479748368263244629e-01,8.370784521102905273e-01,8.262386918067932129e-01,8.152942061424255371e-01,8.039445877075195312e-01,7.917745113372802734e-01,7.782935500144958496e-01,7.629760503768920898e-01,7.453014254570007324e-01,7.247895598411560059e-01,7.010303735733032227e-01,6.737168431282043457e-01,6.426876187324523926e-01,6.079589128494262695e-01,5.697492957115173340e-01,5.284792184829711914e-01,4.847460687160491943e-01,4.392968714237213135e-01,3.930064439773559570e-01,3.468567132949829102e-01,3.019052743911743164e-01,2.592303156852722168e-01,2.198835611343383789e-01,1.848547011613845825e-01,1.550301611423492432e-01,1.311507225036621094e-01,1.137798652052879333e-01,1.032899618148803711e-01,9.984917193651199341e-02,1.034083813428878784e-01,1.136908233165740967e-01,1.302035003900527954e-01
1.000000000000000000e+00,9.963185787200927734e-01,9.853716492652893066e-01,9.675182700157165527e-01,9.433175921440124512e-01,9.134992957115173340e-01,8.789725899696350098e-01,8.407906293869018555e-01,8.000620007514953613e-01,7.578710317611694336e-01,7.152441740036010742e-01,6.731247901916503906e-01,6.323364377021789551e-01,5.935437679290771484e-01,5.572476387023925781e-01,5.237839818000793457e-01,4.933139383792877197e-01,4.658135473728179932e-01,4.410950541496276855e-01,4.188338816165924072e-01,3.986018598079681396e-01,3.799058198928833008e-01,3.622383773326873779e-01,3.451205492019653320e-01,3.281337916851043701e-01,3.109470009803771973e-01,2.933444678783416748e-01,2.752562463283538818e-01,2.567803561687469482e-01,2.381885051727294922e-01,2.199192196130752563e-01,2.025559246540069580e-01,1.867952048778533936e-01,1.734016388654708862e-01,1.631613969802856445e-01,1.568380296230316162e-01,1.551323384046554565e-01,1.586496978998184204e-01,1.678735464811325073e-01,1.831468790769577026e-01,2.046525925397872925e-01,2.323785871267318726e-01,2.660771310329437256e-01,3.052467703819274902e-01,3.491605222225189209e-01,3.969189822673797607e-01,4.474938213825225830e-01,4.997613728046417236e-01,5.525448918342590332e-01,6.046699285507202148e-01,6.550123691558837891e-01,7.025345563888549805e-01,7.463170289993286133e-01,7.855882048606872559e-01,8.197582364082336426e-01,8.484394550323486328e-01,8.714549541473388672e-01,8.888351321220397949e-01,9.008016586303710938e-01,9.077408909797668457e-01,9.101757407188415527e-01,9.087312221527099609e-01,9.040960073471069336e-01,8.969793319702148438e-01,8.880668282508850098e-01,8.779754042625427246e-01,8.672213554382324219e-01,8.561989068984985352e-01,8.451623916625976562e-01,8.342128992080688477e-01,8.232922554016113281e-01,8.121905922889709473e-01,8.005623817443847656e-01,7.879599928855895996e-01,7.738730311393737793e-01,7.577711343765258789e-01,7.391437888145446777e-01,7.175326943397521973e-01,6.925628185272216797e-01,6.639784574508666992e-01,6.316825747489929199e-01,5.957708954811096191e-01,5.565441846847534180e-01,5.144983530044555664e-01,4.702976942062377930e-01,4.247487187385559082e-01,3.787790238857269287e-01,3.334152996540069580e-01,2.897346317768096924e-01,2.488151192665100098e-01,2.116889655590057373e-01,1.793071329593658447e-01,1.524986326694488525e-01,1.319281011819839478e-01,1.180705651640892029e-01,1.112078428268432617e-01,1.114076003432273865e-01,1.185130551457405090e-01,1.321419328451156616e-01,1.516926288604736328e-01
1.000000000000000000e+00,9.963191747665405273e-01,9.853760004043579102e-01,9.675334095954895020e-01,9.433549046516418457e-01,9.135759472846984863e-01,8.791130781173706055e-01,8.410280942916870117e-01,8.004337549209594727e-01,7.584196925163269043e-01,7.160146832466125488e-01,6.741656661033630371e-01,6.336926817893981934e-01,5.952559709548950195e-01,5.593469738960266113e-01,5.262951254844665527e-01,4.962477982044219971e-01,4.691697955131530762e-01,4.448580145835876465e-01,4.229770004749298096e-01,4.030856788158416748e-01,3.846853971481323242e-01,3.672668337821960449e-01,3.503537178039550781e-01,3.335336446762084961e-01,3.164837956428527832e-01,2.990027070045471191e-01,2.810376286506652832e-01,2.627076804637908936e-01,2.443089038133621216e-01,2.263033390045166016e-01,2.092967629432678223e-01,1.940040588378906250e-01,1.812012940645217896e-01,1.716788262128829956e-01,1.661955565214157104e-01,1.654409766197204590e-01,1.700014322996139526e-01,1.803375929594039917e-01,1.967656016349792480e-01,2.194355130195617676e-01,2.482928782701492310e-01,2.830354571342468262e-01,3.231082558631896973e-01,3.677364885807037354e-01,4.159828424453735352e-01,4.667877852916717529e-01,5.190042853355407715e-01,5.714437961578369141e-01,6.229327321052551270e-01,6.723597049713134766e-01,7.187093496322631836e-01,7.610946297645568848e-01,7.987850308418273926e-01,8.312414288520812988e-01,8.581304550170898438e-01,8.793320059776306152e-01,8.949308991432189941e-01,9.052005410194396973e-01,9.105733036994934082e-01,9.116103053092956543e-01,9.089650511741638184e-01,9.033429026603698730e-01,8.954564332962036133e-01,8.859789371490478516e-01,8.755018115043640137e-01,8.645084500312805176e-01,8.533523678779602051e-01,8.422412872314453125e-01,8.312261104583740234e-01,8.201978206634521484e-01,8.088955879211425781e-01,7.969353795051574707e-01,7.838388085365295410e-01,7.690820693969726562e-01,7.521356940269470215e-01,7.325037121772766113e-01,7.097554206848144531e-01,6.835555434226989746e-01,6.537066102027893066e-01,6.201829314231872559e-01,5.831599235534667969e-01,5.430206060409545898e-01,5.003324747085571289e-01,4.558251798152923584e-01,4.103609323501586914e-01,3.649207949638366699e-01,3.205637931823730469e-01,2.783807516098022461e-01,2.394366413354873657e-01,2.047377079725265503e-01,1.751890182495117188e-01,1.515489220619201660e-01,1.344014257192611694e-01,1.241317689418792725e-01,1.209255978465080261e-01,1.247448697686195374e-01,1.353261917829513550e-01,1.521762907505035400e-01,1.745846569538116455e-01
1.000000000000000000e+00,9.963198304176330566e-01,9.853808283805847168e-01,9.675498008728027344e-01,9.433944821357727051e-01,9.136563539505004883e-01,8.792592883110046387e-01,8.412729501724243164e-01,8.008158802986145020e-01,7.589805722236633301e-01,7.168005108833312988e-01,6.752238273620605469e-01,6.350696682929992676e-01,5.969901680946350098e-01,5.614712238311767578e-01,5.288321375846862793e-01,4.992101490497589111e-01,4.725545346736907959e-01,4.486504197120666504e-01,4.271478652954101562e-01,4.075973033905029297e-01,3.894923627376556396e-01,3.723221421241760254e-01,3.556144535541534424e-01,3.389623165130615234e-01,3.220530450344085693e-01,3.046979010105133057e-01,2.868624925613403320e-01,2.686886191368103027e-01,2.504951357841491699e-01,2.327682673931121826e-01,2.161369323730468750e-01,2.013328373432159424e-01,1.891424804925918579e-01,1.803593039512634277e-01,1.757362782955169678e-01,1.759493649005889893e-01,1.815656274557113647e-01,1.930218189954757690e-01,2.106067538261413574e-01,2.344361543655395508e-01,2.644087672233581543e-01,3.001686036586761475e-01,3.411048948764801025e-01,3.863982260227203369e-01,4.350749254226684570e-01,4.860448241233825684e-01,5.381391048431396484e-01,5.901614427566528320e-01,6.409418582916259766e-01,6.893849968910217285e-01,7.344998717308044434e-01,7.754331827163696289e-01,8.115009665489196777e-01,8.422138690948486328e-01,8.672951459884643555e-01,8.866804242134094238e-01,9.005102515220642090e-01,9.091080427169799805e-01,9.129509329795837402e-01,9.126358032226562500e-01,9.088425040245056152e-01,9.022897481918334961e-01,8.936880826950073242e-01,8.836934566497802734e-01,8.728698492050170898e-01,8.616649508476257324e-01,8.503898978233337402e-01,8.392047286033630371e-01,8.281084299087524414e-01,8.169407248497009277e-01,8.053938746452331543e-01,7.930454015731811523e-01,7.793935537338256836e-01,7.639052867889404297e-01,7.460584044456481934e-01,7.253766059875488281e-01,7.014608979225158691e-01,6.740235090255737305e-01,6.429291963577270508e-01,6.082284450531005859e-01,5.701798796653747559e-01,5.292437076568603516e-01,4.860583543777465820e-01,4.414142370223999023e-01,3.962307870388031006e-01,3.515340685844421387e-01,3.084090054035186768e-01,2.679462432861328125e-01,2.311937510967254639e-01,1.991201490163803101e-01,1.725746989250183105e-01,1.522392332553863525e-01,1.386089920997619629e-01,1.319793462753295898e-01,1.324342340230941772e-01,1.398297399282455444e-01,1.537884920835494995e-01,1.737055480480194092e-01,1.987608969211578369e-01
1.000000000000000000e+00,9.963207840919494629e-01,9.853861331939697266e-01,9.675670862197875977e-01,9.434361457824707031e-01,9.137398600578308105e-01,8.794109821319580078e-01,8.415251374244689941e-01,8.012076020240783691e-01,7.595534324645996094e-01,7.176004648208618164e-01,6.762994527816772461e-01,6.364655494689941406e-01,5.987464189529418945e-01,5.636195540428161621e-01,5.313956737518310547e-01,5.021994709968566895e-01,4.759678542613983154e-01,4.524711668491363525e-01,4.313473701477050781e-01,4.121358394622802734e-01,3.943242728710174561e-01,3.774026930332183838e-01,3.609011769294738770e-01,3.444183766841888428e-01,3.276522457599639893e-01,3.104277253150939941e-01,2.927290499210357666e-01,2.747197151184082031e-01,2.567438185214996338e-01,2.393110841512680054e-01,2.230727672576904297e-01,2.087771296501159668e-01,1.972207725048065186e-01,1.891972869634628296e-01,1.854534596204757690e-01,1.866499930620193481e-01,1.933332830667495728e-01,2.059158533811569214e-01,2.246582657098770142e-01,2.496396750211715698e-01,2.807098031044006348e-01,3.174560964107513428e-01,3.592148125171661377e-01,4.051216840744018555e-01,4.541685879230499268e-01,5.052362084388732910e-01,5.571370720863342285e-01,6.086685657501220703e-01,6.586690545082092285e-01,7.060603499412536621e-01,7.498795986175537109e-01,7.893103361129760742e-01,8.237156271934509277e-01,8.526598811149597168e-01,8.759205937385559082e-01,8.934918642044067383e-01,9.055680036544799805e-01,9.125222563743591309e-01,9.148748517036437988e-01,9.132571220397949219e-01,9.083708524703979492e-01,9.009444117546081543e-01,8.916807174682617188e-01,8.812155127525329590e-01,8.700825572013854980e-01,8.586915135383605957e-01,8.473094701766967773e-01,8.360469937324523926e-01,8.248506188392639160e-01,8.135088682174682617e-01,8.016703128814697266e-01,7.888773083686828613e-01,7.746098041534423828e-01,7.583315968513488770e-01,7.395330667495727539e-01,7.177621126174926758e-01,6.926575303077697754e-01,6.639852523803710938e-01,6.316779851913452148e-01,5.958662033081054688e-01,5.568893551826477051e-01,5.152850151062011719e-01,4.717570841312408447e-01,4.271565675735473633e-01,3.824582397937774658e-01,3.387244045734405518e-01,2.970559597015380859e-01,2.585337162017822266e-01,2.241802364587783813e-01,1.949178725481033325e-01,1.715296506881713867e-01,1.546144187450408936e-01,1.445773541927337646e-01,1.416189521551132202e-01,1.457164883613586426e-01,1.566155999898910522e-01,1.738240271806716919e-01,1.966213881969451904e-01,2.240908294916152954e-01
1.000000000000000000e+00,9.963217377662658691e-01,9.853919148445129395e-01,9.675856232643127441e-01,9.434797763824462891e-01,9.138270020484924316e-01,8.795678019523620605e-01,8.417848348617553711e-01,8.016085028648376465e-01,7.601383924484252930e-01,7.184150815010070801e-01,6.773914098739624023e-01,6.378806829452514648e-01,6.005238890647888184e-01,5.657915472984313965e-01,5.339841842651367188e-01,5.052157044410705566e-01,4.794084131717681885e-01,4.563196301460266113e-01,4.355733990669250488e-01,4.166997969150543213e-01,3.991815745830535889e-01,3.825081586837768555e-01,3.662122488021850586e-01,3.499005436897277832e-01,3.332801461219787598e-01,3.161903321743011475e-01,2.986344397068023682e-01,2.807988822460174561e-01,2.630519270896911621e-01,2.459285408258438110e-01,2.301008999347686768e-01,2.163337320089340210e-01,2.054317444562911987e-01,1.981881409883499146e-01,1.953414380550384521e-01,1.975355297327041626e-01,2.052959054708480835e-01,2.190099507570266724e-01,2.389092296361923218e-01,2.650328874588012695e-01,2.971799671649932861e-01,3.348796367645263672e-01,3.774155676364898682e-01,4.238827824592590332e-01,4.732377827167510986e-01,5.243344902992248535e-01,5.759693384170532227e-01,6.269375085830688477e-01,6.760870218276977539e-01,7.223606705665588379e-01,7.648255228996276855e-01,8.027058839797973633e-01,8.354127407073974609e-01,8.625643849372863770e-01,8.839967846870422363e-01,8.997591137886047363e-01,9.101008772850036621e-01,9.154434800148010254e-01,9.163488149642944336e-01,9.134799838066101074e-01,9.075577259063720703e-01,8.993141055107116699e-01,8.894408941268920898e-01,8.785503506660461426e-01,8.671429157257080078e-01,8.555884361267089844e-01,8.441081047058105469e-01,8.327617049217224121e-01,8.214430809020996094e-01,8.098902702331542969e-01,7.977100014686584473e-01,7.844153642654418945e-01,7.694729566574096680e-01,7.523502111434936523e-01,7.325543165206909180e-01,7.096627354621887207e-01,6.833579540252685547e-01,6.534650325775146484e-01,6.199901103973388672e-01,5.831450819969177246e-01,5.433511137962341309e-01,5.012158155441284180e-01,4.575113654136657715e-01,4.131456911563873291e-01,3.691430985927581787e-01,3.265956044197082520e-01,2.866064608097076416e-01,2.502398788928985596e-01,2.184829115867614746e-01,1.922046542167663574e-01,1.721105128526687622e-01,1.587128490209579468e-01,1.523229777812957764e-01,1.530418097972869873e-01,1.607385128736495972e-01,1.750419586896896362e-01,1.953394263982772827e-01,2.208028882741928101e-01,2.504305839538574219e-01
1.000000000000000000e+00,9.963229894638061523e-01,9.853984117507934570e-01,9.676051735877990723e-01,9.435252547264099121e-01,9.139173626899719238e-01,8.797292113304138184e-01,8.420513868331909180e-01,8.020185828208923340e-01,7.607341408729553223e-01,7.192432880401611328e-01,6.784998774528503418e-01,6.393145322799682617e-01,6.023222208023071289e-01,5.679863691329956055e-01,5.365978479385375977e-01,5.082584023475646973e-01,4.828763604164123535e-01,4.601942598819732666e-01,4.398258626461029053e-01,4.212890267372131348e-01,4.040631949901580811e-01,3.876364827156066895e-01,3.715470135211944580e-01,3.554072976112365723e-01,3.389347195625305176e-01,3.219835162162780762e-01,3.045764565467834473e-01,2.869232892990112305e-01,2.694170773029327393e-01,2.526176571846008301e-01,2.372182458639144897e-01,2.239990979433059692e-01,2.137713730335235596e-01,2.073270976543426514e-01,2.053938657045364380e-01,2.085987627506256104e-01,2.174445986747741699e-01,2.322943210601806641e-01,2.533472776412963867e-01,2.806020677089691162e-01,3.138018250465393066e-01,3.524186611175537109e-01,3.956857621669769287e-01,4.426573216915130615e-01,4.922566413879394531e-01,5.433128476142883301e-01,5.946084856986999512e-01,6.449403762817382812e-01,6.931689381599426270e-01,7.382602095603942871e-01,7.793149948120117188e-01,8.155994415283203125e-01,8.465753197669982910e-01,8.719155788421630859e-01,8.915138840675354004e-01,9.054768085479736328e-01,9.141066074371337891e-01,9.178735613822937012e-01,9.173779487609863281e-01,9.133118391036987305e-01,9.064112305641174316e-01,8.974071741104125977e-01,8.869764804840087891e-01,8.757029771804809570e-01,8.640540242195129395e-01,8.523559570312500000e-01,8.407832980155944824e-01,8.293429017066955566e-01,8.178757429122924805e-01,8.060721755027770996e-01,7.934989929199218750e-01,7.796456813812255859e-01,7.639715671539306641e-01,7.459537386894226074e-01,7.251203060150146484e-01,7.010847926139831543e-01,6.735782623291015625e-01,6.424914598464965820e-01,6.079071760177612305e-01,5.701208114624023438e-01,5.296294689178466797e-01,4.871142506599426270e-01,4.434072077274322510e-01,3.994773626327514648e-01,3.563874661922454834e-01,3.152498304843902588e-01,2.771601676940917969e-01,2.431568950414657593e-01,2.141842544078826904e-01,1.910459846258163452e-01,1.743639409542083740e-01,1.645605564117431641e-01,1.618517190217971802e-01,1.662310212850570679e-01,1.774524450302124023e-01,1.950267255306243896e-01,2.182252109050750732e-01,2.461148351430892944e-01,2.776284813880920410e-01
1.000000000000000000e+00,9.963242411613464355e-01,9.854050874710083008e-01,9.676260352134704590e-01,9.435727596282958984e-01,9.140108823776245117e-01,8.798955678939819336e-01,8.423247337341308594e-01,8.024373650550842285e-01,7.613408565521240234e-01,7.200842499732971191e-01,6.796236038208007812e-01,6.407660841941833496e-01,6.041408777236938477e-01,5.702036023139953613e-01,5.392361879348754883e-01,5.113270282745361328e-01,4.863706231117248535e-01,4.640964865684509277e-01,4.441038072109222412e-01,4.259025156497955322e-01,4.089677333831787109e-01,3.927876055240631104e-01,3.769043684005737305e-01,3.609373569488525391e-01,3.446147739887237549e-01,3.278054296970367432e-01,3.105529248714447021e-01,2.930904924869537354e-01,2.758365571498870850e-01,2.593757212162017822e-01,2.444223165512084961e-01,2.317699640989303589e-01,2.222363501787185669e-01,2.166096866130828857e-01,2.156055569648742676e-01,2.198331654071807861e-01,2.297718971967697144e-01,2.457592636346817017e-01,2.679620087146759033e-01,2.963325679302215576e-01,3.305585682392120361e-01,3.700540065765380859e-01,4.140029847621917725e-01,4.614210724830627441e-01,5.111994147300720215e-01,5.621442794799804688e-01,6.130278706550598145e-01,6.626505255699157715e-01,7.098900675773620605e-01,7.537364363670349121e-01,7.933273315429687500e-01,8.279735445976257324e-01,8.571885824203491211e-01,8.807018995285034180e-01,8.984646797180175781e-01,9.106404185295104980e-01,9.175851941108703613e-01,9.198155403137207031e-01,9.179687500000000000e-01,9.127615094184875488e-01,9.049414396286010742e-01,8.952333927154541016e-01,8.842948079109191895e-01,8.726803064346313477e-01,8.608191013336181641e-01,8.489953279495239258e-01,8.373326659202575684e-01,8.257845044136047363e-01,8.141396045684814453e-01,8.020413517951965332e-01,7.890229821205139160e-01,7.745543718338012695e-01,7.580955028533935547e-01,7.391361594200134277e-01,7.172328829765319824e-01,6.920379400253295898e-01,6.633391976356506348e-01,6.310966014862060547e-01,5.954744219779968262e-01,5.568486452102661133e-01,5.157940387725830078e-01,4.730576574802398682e-01,4.295357465744018555e-01,3.862482011318206787e-01,3.442930579185485840e-01,3.047869205474853516e-01,2.688108682632446289e-01,2.373703569173812866e-01,2.113564908504486084e-01,1.914969682693481445e-01,1.783271133899688721e-01,1.721741557121276855e-01,1.731547117233276367e-01,1.811503320932388306e-01,1.957934647798538208e-01,2.164766937494277954e-01,2.423549443483352661e-01,2.724116742610931396e-01,3.055359125137329102e-01
1.000000000000000000e+00,9.963256120681762695e-01,9.854124188423156738e-01,9.676477313041687012e-01,9.436220526695251465e-01,9.141070246696472168e-01,8.800661563873291016e-01,8.426041603088378906e-01,8.028639554977416992e-01,7.619577646255493164e-01,7.209376692771911621e-01,6.807619333267211914e-01,6.422355771064758301e-01,6.059798002243041992e-01,5.724433660507202148e-01,5.418984293937683105e-01,5.144207477569580078e-01,4.898912608623504639e-01,4.680240452289581299e-01,4.484063982963562012e-01,4.305397570133209229e-01,4.138943850994110107e-01,3.979601860046386719e-01,3.822827339172363281e-01,3.664893209934234619e-01,3.503180444240570068e-01,3.336540460586547852e-01,3.165615797042846680e-01,2.992980778217315674e-01,2.823079526424407959e-01,2.662004530429840088e-01,2.517099678516387939e-01,2.396437078714370728e-01,2.308230847120285034e-01,2.260314971208572388e-01,2.259712815284729004e-01,2.312318235635757446e-01,2.422701120376586914e-01,2.593955993652343750e-01,2.827413380146026611e-01,3.122111260890960693e-01,3.474340438842773438e-01,3.877668380737304688e-01,4.323464632034301758e-01,4.801513552665710449e-01,5.300418734550476074e-01,5.808033943176269531e-01,6.312015056610107422e-01,6.800436377525329590e-01,7.262255549430847168e-01,7.687669992446899414e-01,8.068426251411437988e-01,8.398115634918212891e-01,8.672396540641784668e-01,8.889133930206298828e-01,9.048428535461425781e-01,9.152483344078063965e-01,9.205389022827148438e-01,9.212747812271118164e-01,9.181289672851562500e-01,9.118391275405883789e-01,9.031586050987243652e-01,8.928022980690002441e-01,8.814044594764709473e-01,8.694882392883300781e-01,8.574428558349609375e-01,8.455073833465576172e-01,8.337531685829162598e-01,8.220801949501037598e-01,8.102242946624755859e-01,7.977864742279052734e-01,7.842689156532287598e-01,7.691307067871093750e-01,7.518361806869506836e-01,7.318949699401855469e-01,7.088953256607055664e-01,6.825360059738159180e-01,6.526651978492736816e-01,6.193184852600097656e-01,5.827424526214599609e-01,5.433923006057739258e-01,5.019164681434631348e-01,4.591294229030609131e-01,4.159881770610809326e-01,3.735577166080474854e-01,3.329595029354095459e-01,2.953049838542938232e-01,2.616505622863769531e-01,2.329613268375396729e-01,2.100653797388076782e-01,1.936063915491104126e-01,1.840269565582275391e-01,1.815596967935562134e-01,1.862127333879470825e-01,1.977485716342926025e-01,2.156819552183151245e-01,2.392774373292922974e-01,2.675923109054565430e-01,2.995425462722778320e-01,3.339936733245849609e-01
1.000000000000000000e+00,9.963270425796508789e-01,9.854202270507812500e-01,9.676702618598937988e-01,9.436729550361633301e-01,9.142060875892639160e-01,8.802410364151000977e-01,8.428891301155090332e-01,8.032985925674438477e-01,7.625839710235595703e-01,7.218029499053955078e-01,6.819151639938354492e-01,6.437212824821472168e-01,6.078373193740844727e-01,5.747038722038269043e-01,5.445836186408996582e-01,5.175392627716064453e-01,4.934364557266235352e-01,4.719761312007904053e-01,4.527325630187988281e-01,4.351993799209594727e-01,4.188420474529266357e-01,4.031526148319244385e-01,3.876811563968658447e-01,3.720615208148956299e-01,3.560432195663452148e-01,3.395275175571441650e-01,3.226005136966705322e-01,3.055441081523895264e-01,2.888292074203491211e-01,2.730894982814788818e-01,2.590792179107666016e-01,2.476174831390380859e-01,2.395282685756683350e-01,2.355884462594985962e-01,2.364857345819473267e-01,2.427886128425598145e-01,2.549308240413665771e-01,2.731942832469940186e-01,2.976744174957275391e-01,3.282237052917480469e-01,3.644109070301055908e-01,4.055372178554534912e-01,4.506945908069610596e-01,4.988242983818054199e-01,5.487581491470336914e-01,5.992640256881713867e-01,6.491032838821411133e-01,6.970938444137573242e-01,7.421528100967407227e-01,7.833307981491088867e-01,8.198434710502624512e-01,8.510985970497131348e-01,8.767163157463073730e-01,8.965416550636291504e-01,9.106436371803283691e-01,9.192998409271240234e-01,9.229701757431030273e-01,9.222583770751953125e-01,9.178681373596191406e-01,9.105552434921264648e-01,9.010738134384155273e-01,8.901240229606628418e-01,8.783139586448669434e-01,8.661329150199890137e-01,8.539291620254516602e-01,8.418927788734436035e-01,8.300425410270690918e-01,8.182225823402404785e-01,8.061201572418212891e-01,7.932942509651184082e-01,7.792248725891113281e-01,7.633636593818664551e-01,7.451875209808349609e-01,7.242302894592285156e-01,7.001162767410278320e-01,6.725962162017822266e-01,6.415857076644897461e-01,6.071987152099609375e-01,5.697633624076843262e-01,5.298143625259399414e-01,4.880713224411010742e-01,4.454147517681121826e-01,4.028580784797668457e-01,3.615051805973052979e-01,3.224851489067077637e-01,2.868961095809936523e-01,2.557651102542877197e-01,2.300044596195220947e-01,2.103666067123413086e-01,1.974100023508071899e-01,1.914806365966796875e-01,1.927084624767303467e-01,2.009881287813186646e-01,2.159608453512191772e-01,2.370170056819915771e-01,2.633050978183746338e-01,2.937929630279541016e-01,3.273538053035736084e-01,3.628533780574798584e-01
1.000000000000000000e+00,9.963288307189941406e-01,9.854283332824707031e-01,9.676937460899353027e-01,9.437253475189208984e-01,9.143075942993164062e-01,8.804194927215576172e-01,8.431796431541442871e-01,8.037397265434265137e-01,7.632194757461547852e-01,7.226797938346862793e-01,6.830813288688659668e-01,6.452230811119079590e-01,6.097131967544555664e-01,5.769851803779602051e-01,5.472913980484008789e-01,5.206812620162963867e-01,4.970060586929321289e-01,4.759524464607238770e-01,4.570823013782501221e-01,4.398802518844604492e-01,4.238103032112121582e-01,4.083643555641174316e-01,3.930977880954742432e-01,3.776521086692810059e-01,3.617879748344421387e-01,3.454236090183258057e-01,3.286669850349426270e-01,3.118261992931365967e-01,2.953980267047882080e-01,2.800406515598297119e-01,2.665276825428009033e-01,2.556885778903961182e-01,2.483486533164978027e-01,2.452764660120010376e-01,2.471434772014617920e-01,2.544969320297241211e-01,2.677468359470367432e-01,2.871459424495697021e-01,3.127491772174835205e-01,3.443551957607269287e-01,3.814719021320343018e-01,4.233456850051879883e-01,4.690250754356384277e-01,5.174164772033691406e-01,5.673246979713439941e-01,6.175015568733215332e-01,6.667089462280273438e-01,7.137778997421264648e-01,7.576492428779602051e-01,7.974076867103576660e-01,8.323122859001159668e-01,8.618201017379760742e-01,8.856081366539001465e-01,9.035798907279968262e-01,9.158640503883361816e-01,9.227957129478454590e-01,9.248843193054199219e-01,9.227739572525024414e-01,9.171975851058959961e-01,9.089226722717285156e-01,8.986989855766296387e-01,8.872095942497253418e-01,8.750327825546264648e-01,8.626220822334289551e-01,8.502820134162902832e-01,8.381526470184326172e-01,8.261970281600952148e-01,8.142055273056030273e-01,8.018167018890380859e-01,7.885540723800659180e-01,7.738789319992065430e-01,7.572452425956726074e-01,7.381458878517150879e-01,7.161439061164855957e-01,6.909057497978210449e-01,6.622403860092163086e-01,6.301342248916625977e-01,5.947823524475097656e-01,5.565953254699707031e-01,5.161836743354797363e-01,4.743384420871734619e-01,4.320028126239776611e-01,3.902431130409240723e-01,3.501878082752227783e-01,3.129654526710510254e-01,2.796526551246643066e-01,2.512346804141998291e-01,2.285631150007247925e-01,2.123095393180847168e-01,2.029367089271545410e-01,2.006930559873580933e-01,2.055989503860473633e-01,2.174309045076370239e-01,2.357054054737091064e-01,2.596852183341979980e-01,2.884179055690765381e-01,3.208043277263641357e-01,3.556907474994659424e-01,3.919646441936492920e-01
1.000000000000000000e+00,9.963306188583374023e-01,9.854368567466735840e-01,9.677178859710693359e-01,9.437792301177978516e-01,9.144111871719360352e-01,8.806015253067016602e-01,8.434746265411376953e-01,8.041878342628479004e-01,7.638628482818603516e-01,7.235660552978515625e-01,6.842605471611022949e-01,6.467401981353759766e-01,6.116063594818115234e-01,5.792862176895141602e-01,5.500209927558898926e-01,5.238469839096069336e-01,5.005996823310852051e-01,4.799520671367645264e-01,4.614543318748474121e-01,4.445821940898895264e-01,4.287975728511810303e-01,4.135943055152893066e-01,3.985321819782257080e-01,3.832603693008422852e-01,3.675513565540313721e-01,3.513408601284027100e-01,3.347600400447845459e-01,3.181425631046295166e-01,3.020125627517700195e-01,2.870523929595947266e-01,2.740536034107208252e-01,2.638552188873291016e-01,2.572818696498870850e-01,2.550921440124511719e-01,2.579396963119506836e-01,2.663507461547851562e-01,2.807105183601379395e-01,3.012413084506988525e-01,3.279552757740020752e-01,3.605926632881164551e-01,3.986009061336517334e-01,4.411734640598297119e-01,4.873175919055938721e-01,5.359056591987609863e-01,5.857171416282653809e-01,6.354917883872985840e-01,6.839951872825622559e-01,7.300738096237182617e-01,7.726950049400329590e-01,8.109803795814514160e-01,8.442335128784179688e-01,8.719641566276550293e-01,8.939056992530822754e-01,9.100226163864135742e-01,9.205031991004943848e-01,9.257387518882751465e-01,9.262880086898803711e-01,9.228324294090270996e-01,9.161289930343627930e-01,9.069533348083496094e-01,8.960466384887695312e-01,8.840693235397338867e-01,8.715695738792419434e-01,8.589624166488647461e-01,8.465060591697692871e-01,8.342872858047485352e-01,8.222135305404663086e-01,8.100211024284362793e-01,7.973032593727111816e-01,7.835533022880554199e-01,7.682210206985473633e-01,7.507684826850891113e-01,7.307096123695373535e-01,7.076414823532104492e-01,6.812792420387268066e-01,6.514937281608581543e-01,6.183480620384216309e-01,5.821195244789123535e-01,5.432980656623840332e-01,5.025707483291625977e-01,4.607982933521270752e-01,4.189846515655517578e-01,3.782387673854827881e-01,3.397033512592315674e-01,3.044940531253814697e-01,2.736579179763793945e-01,2.481331527233123779e-01,2.286971807479858398e-01,2.159312516450881958e-01,2.102016359567642212e-01,2.116544395685195923e-01,2.201940417289733887e-01,2.354728877544403076e-01,2.568803131580352783e-01,2.835610210895538330e-01,3.144732713699340820e-01,3.484736680984497070e-01,3.844012916088104248e-01,4.211805164813995361e-01
1.000000000000000000e+00,9.963324666023254395e-01,9.854459762573242188e-01,9.677429199218750000e-01,9.438341856002807617e-01,9.145168066024780273e-01,8.807865977287292480e-01,8.437742590904235840e-01,8.046414256095886230e-01,7.645139694213867188e-01,7.244627475738525391e-01,6.854515671730041504e-01,6.482709050178527832e-01,6.135169267654418945e-01,5.816060900688171387e-01,5.527716279029846191e-01,5.270343422889709473e-01,5.042157173156738281e-01,4.839740693569183350e-01,4.658470451831817627e-01,4.493038356304168701e-01,4.338036477565765381e-01,4.188414514064788818e-01,4.039826989173889160e-01,3.888844251632690430e-01,3.733313083648681641e-01,3.572770953178405762e-01,3.408770859241485596e-01,3.244915604591369629e-01,3.086711764335632324e-01,2.941230237483978271e-01,2.816556394100189209e-01,2.721154391765594482e-01,2.663249671459197998e-01,2.650312483310699463e-01,2.688700258731842041e-01,2.783442139625549316e-01,2.938145995140075684e-01,3.154716193675994873e-01,3.432799875736236572e-01,3.769208490848541260e-01,4.157802462577819824e-01,4.590012729167938232e-01,5.055507421493530273e-01,5.542687773704528809e-01,6.039117574691772461e-01,6.532111763954162598e-01,7.009385824203491211e-01,7.459589242935180664e-01,7.872696518898010254e-01,8.240307569503784180e-01,8.555928468704223633e-01,8.815187811851501465e-01,9.016015529632568359e-01,9.158656597137451172e-01,9.245607852935791016e-01,9.281336665153503418e-01,9.271891117095947266e-01,9.224442839622497559e-01,9.146751761436462402e-01,9.046611189842224121e-01,8.931291103363037109e-01,8.807154297828674316e-01,8.679348230361938477e-01,8.551614284515380859e-01,8.426048159599304199e-01,8.302965164184570312e-01,8.180873990058898926e-01,8.056613206863403320e-01,7.925696372985839844e-01,7.782810926437377930e-01,7.622424364089965820e-01,7.439284920692443848e-01,7.228797078132629395e-01,6.987320184707641602e-01,6.712543964385986328e-01,6.403855085372924805e-01,6.062677502632141113e-01,5.692615509033203125e-01,5.299349427223205566e-01,4.890502691268920898e-01,4.475363492965698242e-01,4.064536094665527344e-01,3.669416308403015137e-01,3.301450312137603760e-01,2.971594631671905518e-01,2.689944803714752197e-01,2.465260326862335205e-01,2.304523885250091553e-01,2.212594300508499146e-01,2.192115932703018188e-01,2.243441194295883179e-01,2.364424467086791992e-01,2.550315260887145996e-01,2.793697714805603027e-01,3.085032999515533447e-01,3.413196504116058350e-01,3.766432404518127441e-01,4.133298695087432861e-01,4.503607749938964844e-01
